15 4 12
2 3 2 5
46 20 46 49 34 46 23 25 27 48 26 28
21 26 25 22 17 19 15 48 27 50 43 43
17 41 15 14 35 13 48 44 21 12 15 38
29 29 20 10 48 29 48 40 16 31 20 33
44 36 41 12 24 22 18 20 26 24 48 22
50 34 11 40 11 49 37 23 22 16 39 44
36 17 19 19 29 39 13 48 28 19 33 26
25 31 17 26 50 22 19 42 44 16 11 10
11 28 13 25 25 12 20 46 10 26 35 11
21 10 31 25 50 45 21 37 32 45 22 31
20 46 13 18 42 43 16 30 14 27 48 26
24 43 39 47 40 44 12 27 48 31 14 31
44 41 29 14 28 15 24 15 10 46 43 23
48 32 21 24 50 28 35 21 25 20 12 26
22 20 22 13 33 17 35 17 49 36 40 49
1 2 3 4 5 6 7 8 9 10 11 12 13 14 15 16 17 18 19 20 21 22 23 24 25 26 27 28 29 30 31 32 33 34 35 36 37 38 39 40 41 42 43 44 45 46 47 48 49 50 51 52 53 54 55 56 57 58 59 60 61 62 63 64 65 66 67 68 69 70 71 72 73 74 75 76 77 78 79 80 81 82 83 84 85 86 87 88 89 90 91 92 93 94 95 96 97 98 99 100 101 102 103 104 105 106 107 108 109 110 111 112 113 114 115 116 117 118 119 120 121 122 123 124 125 126 127 128 129 130 131 132 133 134 135 136 137 138 139 140 141 142 143 144 145 146 147 148 149 150 151 152 153 154 155 156 157 158 159 160 161 162 163 164 165 166 167 168 169 170 171 172 173 174 175 176 177 178 179 180 181 182 183 184 185 186 187 188 189 190 191 192 193 194 195 196 197 198 199 200 201 202 203 204 205 206 207 208 209 210 211 212 213 214 215 216 217 218 219 220 221 222 223 224 225 226 227 228 229 230 231 232 233 234 235 236 237 238 239 240 241 242 243 244 245 246 247 248 249 250 251 252 253 254 255 256 257 258 259 260 261 262 263 264 265 266 267 268 269 270 271 272 273 274 275 276 277 278 279 280 281 282 283 284 285 286 287 288 289 290 291 292 293 294 295 296 297 298 299 300 301 302 303 304 305 306 307 308 309 310 311 312 313 314 315 316 317 318 319 320 321 322 323 324 325 326 327 328 329 330 331 332 333 334 335 336 337 338 339 340 341 342 343 344 345 346 347 348 349 350 351 352 353 354 355 356 357 358 359 360 361 362 363 364 365 366 367 368 369 370 371 372 373 374 375 376 377 378 379 380 381 382 383 384 385 386 387 388 389 390 391 392 393 394 395 396 397 398 399 400 401 402 403 404 405 406 407 408 409 410 411 412 413 414 415 416 417 418 419 420 421 422 423 424 425 426 427 428 429 430 431 432 433 434 435 436 437 438 439 440 441 442 443 444 445 446 447 448 449 450 451 452 453 454 455 456 457 458 459 460 461 462 463 464 465 466 467 468 469 470 471 472 473 474 475 476 477 478 479 480 481 482 483 484 485 486 487 488 489 490 491 492 493 494 495 496 497 498 499 500 501 502 503 504 505 506 507 508 509 510 511 512 513 514 515 516 517 518 519 520 521 522 523 524 525 526 527 528 529 530 531 532 533 534 535 536 537 538 539 540 541 542 543 544 545 546 547 548 549 550 551 552 553 554 555 556 557 558 559 560 561 562 563 564 565 566 567 568 569 570 571 572 573 574 575 576 577 578 579 580 581 582 583 584 585 586 587 588 589 590 591 592 593 594 595 596 597 598 599 600 601 602 603 604 605 606 607 608 609 610 611 612 613 614 615 616 617 618 619 620 621 622 623 624 625 626 627 628 629 630 631 632 633 634 635 636 637 638 639 640 641 642 643 644 645 646 647 648 649 650 651 652 653 654 655 656 657 658 659 660 661 662 663 664 665 666 667 668 669 670 671 672 673 674 675 676 677 678 679 680 681 682 683 684 685 686 687 688 689 690 691 692 693 694 695 696 697 698 699 700 701 702 703 704 705 706 707 708 709 710 711 712 713 714 715 716 717 718 719 720 721 722 723 724 725 726 727 728 729 730 731 732 733 734 735 736 737 738 739 740 741 742 743 744 745 746 747 748 749 750 751 752 753 754 755 756 757 758 759 760 761 762 763 764 765 766 767 768 769 770 771 772 773 774 775 776 777 778 779 780 781 782 783 784 785 786 787 788 789 790 791 792 793 794 795 796 797 798 799 800 801 802 803 804 805 806 807 808 809 810 811 812 813 814 815 816 817 818 819 820 821 822 823 824 825 826 827 828 829 830 831 832 833 834 835 836 837 838 839 840 841 842 843 844 845 846 847 848 849 850 851 852 853 854 855 856 857 858 859 860 861 862 863 864 865 866 867 868 869 870 871 872 873 874 875 876 877 878 879 880 881 882 883 884 885 886 887 888 889 890 891 892 893 894 895 896 897 898 899 900 901 902 903 904 905 906 907 908 909 910 911 912 913 914 915 916 917 918 919 920 921 922 923 924 925 926 927 928 929 930 931 932 933 934 935 936 937 938 939 940 941 942 943 944 945 946 947 948 949 950 951 952 953 954 955 956 957 958 959 960 961 962 963 964 965 966 967 968 969 970 971 972 973 974 975 976 977 978 979 980 981 982 983 984 985 986 987 988 989 990 991 992 993 994 995 996 997 998 999 1000
8 0 13 12 7 7 6 4 14 8 13 9 5 0 7 1 9 9 2 8 5 11 7 12 7 11 6 12 14 11 1 6 8 9 11 3 14 1 0 13 12 6 12 7 5 7 10 2 6 7 10 7 5 5 6 2 10 14 8 0 5 7 12 3 2 6 11 8 11 11 14 5 1 4 10 2 9 2 12 7 7 10 14 6 12 7 6 4 9 13 0 8 6 6 5 7 0 9 10 7 6 10 8 2 12 3 12 6 7 14 6 2 6 11 11 9 5 11 8 10 14 11 11 5 14 7 14 2 7 13 1 14 7 1 4 7 1 10 12 3 0 11 6 5 2 10 8 6 4 12 3 6 2 0 6 0 3 8 12 12 11 7 12 2 11 0 10 7 9 0 9 2 0 9 8 4 5 7 7 14 10 11 12 0 12 9 10 4 3 10 2 13 10 14 11 1 9 8 3 3 7 9 10 10 9 5 12 4 5 9 6 12 8 7 8 10 9 11 10 14 14 7 6 5 12 0 7 3 3 1 11 7 5 9 10 4 4 9 9 6 6 3 13 5 10 5 5 12 10 3 12 4 6 0 0 6 8 10 12 10 0 4 7 8 12 3 11 0 12 1 4 10 4 4 3 2 1 14 12 9 5 14 7 2 13 7 0 4 7 9 0 8 4 13 8 0 14 12 4 10 6 2 13 7 0 12 1 3 4 3 14 0 1 8 5 2 11 7 0 7 14 6 5 4 0 2 2 5 3 12 14 0 13 9 9 5 2 2 3 7 12 2 4 12 9 10 0 4 12 2 6 10 0 7 4 6 6 10 7 0 10 0 10 5 11 2 4 8 1 8 6 10 11 12 4 6 5 11 2 9 10 6 14 7 10 12 8 3 1 0 2 10 7 8 13 1 7 8 5 10 1 13 10 5 10 1 9 11 1 2 14 8 10 1 1 12 13 6 13 2 6 8 8 12 1 10 11 3 11 4 14 7 2 11 5 2 10 4 4 10 4 3 11 0 8 12 14 10 0 11 6 4 6 4 5 6 14 11 5 10 12 11 12 1 1 0 4 7 10 12 12 10 1 8 3 7 5 6 4 3 9 11 6 14 8 0 13 8 4 2 10 4 14 13 11 4 12 2 6 2 8 3 12 12 0 7 14 4 11 2 2 6 2 9 3 8 8 14 1 11 6 9 12 14 9 12 14 12 3 10 7 2 3 0 7 8 6 13 7 1 0 6 3 2 1 9 3 9 13 3 11 5 11 11 7 14 0 5 1 12 11 6 5 12 8 13 2 2 6 2 3 7 6 13 11 9 11 8 13 8 7 0 6 11 8 1 13 3 7 7 1 11 4 14 11 6 13 4 11 3 11 8 3 1 2 8 1 0 5 13 2 1 13 3 2 8 10 4 4 6 0 8 13 7 3 10 8 4 4 4 12 13 3 13 2 6 2 14 8 13 0 10 11 0 1 13 4 7 14 13 8 10 11 12 1 1 6 3 13 10 4 7 8 0 12 8 7 11 0 4 3 6 10 4 11 8 7 9 1 9 4 10 6 8 6 11 10 9 1 6 13 14 2 9 8 14 1 11 3 0 12 14 6 10 13 8 11 14 11 2 3 6 7 13 13 7 4 2 1 3 10 8 2 6 10 1 10 1 12 14 3 7 8 10 3 4 6 5 1 7 4 3 1 1 6 3 1 10 0 5 5 10 4 13 7 10 6 4 12 5 13 14 3 4 14 6 8 7 3 11 9 5 2 11 6 11 14 14 9 14 4 14 7 11 0 10 13 5 1 10 12 1 11 13 7 7 14 10 11 2 4 12 11 5 3 3 10 11 12 12 9 0 14 5 10 10 3 11 11 0 6 6 2 7 1 8 2 12 1 6 6 1 5 6 11 5 9 2 12 11 1 1 0 3 12 7 9 14 3 2 13 10 2 14 0 13 12 6 2 14 10 11 4 10 5 14 9 7 2 9 11 5 12 2 3 9 4 6 3 4 3 9 14 13 5 9 6 1 4 7 6 8 6 11 1 1 8 2 4 9 13 8 14 5 1 2 3 0 7 1 14 14 6 8 3 3 8 7 1 10 3 3 8 1 4 7 5 0 14 8 12 11 6 7 10 3 4 0 13 5 1 12 10 10 5 13 8 10 14 4 7 6 7 5 12 11 7 1 13 8 1 4 13 7 14 12 4 12 2 0 7 12 2 3 0 10 0 3 5 4 11 13 11 6 14 1 12 0 13 6 7 2 11 8 0 14 10 9 14 9
8 15 16 21 23 36 40 54 60 64 70 72 94 95 111 119 120 121 137 144 145 153 165 169 176 182 184 197 200 209 215 221 222 228 230 231 239 242 243 247 248 256 258 260 263 264 286 290 291 292 294 306 312 313 314 315 320 321 327 336 344 346 350 352 365 378 410 419 426 430 443 444 451 458 462 471 482 485 486 487 492 495 510 533 536 540 541 546 554 559 560 585 594 597 600 603 611 612 616 622 627 633 646 649 661 663 665 684 685 686 687 688 700 705 715 719 726 733 738 739 747 752 756 765 770 773 774 775 781 786 789 798 812 821 826 829 833 834 838 839 840 841 842 851 858 864 872 879 889 891 897 899 906 908 912 916 918 919 928 930 953 967 971 976 977 987 991 993 996 1000 1008 1010 1011 1012 1013 1015 1020 1024 1025 1026 1027 1033 1037 1041 1047 1048 1052 1058 1064 1071 1078 1084 1085 1090 1099 1113 1114 1116 1117 1125 1126 1132 1146 1167 1168 1169 1197 1199 1203 1219 1220 1226 1246 1251 1253 1260 1262 1265 1266 1267 1275 1278 1292 1296 1312 1335 1339 1343 1346 1347 1348 1364 1380 1382 1383 1385 1392 1396 1401 1414 1420 1421 1427 1431 1432 1442 1445 1457 1469 1475 1492 1494 1504 1508 1511 1513 1521 1522 1534 1543 1544 1556 1563 1577 1578 1596 1598 1605 1606 1619 1620 1627 1635 1637 1639 1642 1649 1651 1654 1666 1676 1677 1680 1682 1686 1691 1692 1693 1706 1707 1711 1722 1724 1731 1732 1743 1747 1748 1753 1754 1790 1793 1819 1836 1837 1841 1848 1855 1864 1869 1887 1893 1895 1902 1903 1917 1925 1956 1961 1963 1967 1971 1974 1975 1978 1990 1993 1996 1997 2002 2010 2011 2016 2023 2034 2039 2054 2060 2063 2070 2083 2085 2093 2094 2103 2124 2126 2132 2144 2147 2148 2152 2164 2189 2195 2225 2236 2240 2243 2246 2251 2252 2253 2254 2255 2276 2290 2309 2319 2321 2324 2332 2333 2336 2337 2339 2357 2359 2373 2376 2378 2398 2401 2409 2413 2418 2419 2422 2426 2432 2438 2440 2441 2449 2460 2477 2495 2498 2500 2501 2507 2532 2535 2539 2551 2558 2566 2567 2568 2587 2588 2589 2603 2604 2608 2625 2627 2643 2655 2657 2677 2683 2710 2711 2727 2728 2737 2751 2775 2780 2788 2790 2797 2801 2802 2807 2810 2818 2820 2824 2848 2849 2854 2879 2889 2918 2925 2928 2931 2945 2946 2947 2985 2990 2997 2998 3011 3013 3014 3038 3039 3043 3045 3054 3060 3062 3065 3074 3077 3084 3091 3103 3109 3119 3122 3137 3138 3149 3151 3152 3163 3183 3184 3191 3193 3194 3199 3200 3214 3216 3219 3220 3223 3224 3229 3238 3239 3257 3259 3266 3273 3290 3293 3294 3307 3310 3312 3315 3317 3327 3335 3348 3349 3359 3376 3379 3383 3386 3401 3408 3409 3417 3419 3428 3431 3436 3437 3440 3454 3455 3458 3459 3465 3489 3490 3494 3495 3505 3514 3515 3518 3519 3522 3527 3528 3529 3535 3540 3544 3546 3567 3581 3591 3594 3606 3607 3614 3625 3630 3638 3669 3689 3691 3697 3707 3710 3724 3741 3742 3748 3750 3754 3764 3768 3781 3782 3785 3789 3798 3799 3805 3811 3833 3837 3840 3841 3848 3849 3863 3865 3867 3877 3884 3889 3894 3903 3916 3924 3933 3936 3944 3947 3948 3950 3953 3966 3968 3970 3971 3981 3985 3987 3989 3991 4000 4008 4009 4011 4012 4014 4017 4021 4027 4031 4032 4033 4039 4040 4051 4069 4087 4088 4089 4091 4099 4100 4112 4122 4128 4138 4139 4148 4159 4164 4175 4192 4196 4205 4208 4211 4212 4214 4218 4222 4230 4242 4246 4247 4248 4250 4254 4258 4259 4276 4280 4288 4299 4302 4303 4306 4310 4311 4330 4337 4338 4342 4351 4353 4385 4400 4401 4408 4421 4438 4439 4441 4451 4452 4454 4455 4459 4461 4464 4465 4468 4471 4475 4483 4485 4487 4489 4502 4503 4508 4521 4533 4540 4557 4560 4566 4574 4593 4599 4611 4616 4631 4639 4657 4658 4660 4664 4676 4683 4696 4699 4700 4701 4702 4703 4709 4715 4732 4733 4736 4747 4751 4755 4758 4769 4773 4789 4793 4794 4795 4799 4824 4832 4850 4886 4887 4897 4907 4915 4917 4918 4922 4924 4925 4926 4928 4938 4944 4947 4950 4954 4955 4966 4967 4988 4995 5005 5009 5013 5014 5017 5024 5025 5027 5034 5037 5047 5055 5060 5079 5082 5087 5093 5097 5109 5115 5118 5121 5131 5145 5148 5171 5177 5181 5184 5192 5193 5200 5223 5227 5231 5240 5244 5254 5287 5289 5301 5303 5314 5318 5323 5327 5344 5346 5349 5357 5359 5362 5364 5383 5387 5388 5390 5391 5393 5397 5398 5409 5415 5426 5438 5454 5459 5467 5468 5470 5480 5499 5505 5511 5513 5520 5527 5529 5530 5532 5539 5545 5549 5572 5578 5583 5587 5591 5596 5597 5614 5621 5630 5638 5645 5661 5662 5666 5680 5683 5687 5717 5721 5757 5800 5807 5815 5831 5840 5864 5885 5897 5902 5906 5907 5911 5923 5930 5934 5936 5939 5944 5956 5979 5982 5985 5999 6000 6004 6006 6012 6013 6015 6019 6026 6027 6028 6029 6030 6035 6040 6042 6046 6057 6075 6080 6081 6091 6099 6101 6108 6111 6112 6117 6125 6129 6167 6181 6227 6229 6231 6233 6241 6244 6254 6255 6256 6269 6270 6274 6302 6308 6326 6330 6337 6338 6344 6347 6352 6366 6378 6379 6380 6391 6409 6410 6412 6422 6423 6428 6433 6434 6437 6446 6447 6448 6465 6468 6480 6484 6500 6525 6526 6533 6537 6540 6552 6556 6558 6561 6586 6587 6595 6596 6606 6610 6621 6626 6637 6640 6641 6650 6651 6654 6657 6667 6675 6684 6703 6711
172 297 263 247 231 244 251 281 275 228 317 306 362 377 319 327 354 355 350 308 413 420 373 395 384 449 395 423 415 476 423 432 386 462 497 474 454 450 525 494 474 467 484 468 531 472 517 503 502 500 525 514 580 581 525 528 551 536 491 618 612 554 576 595 578 589 677 583 693 697 658 712 659 685 693 684 716 698 712 695 700 726 725 744 762 748 752 773 788 806 842 749 805 808 868 811 893 846 847 830 838 864 810 862 887 906 891 895 893 901 898 901 911 972 982 953 994 1000 902 970 962 1019 1023 1033 985 981 989 988 989 1033 997 1013 1020 1029 1053 1037 1041 1065 1064 1082 1122 1108 1053 1119 1071 1095 1036 1090 1116 1117 1140 1110 1119 1190 1123 1198 1161 1083 1154 1156 1220 1175 1197 1189 1244 1269 1222 1201 1230 1282 1242 1223 1293 1246 1177 1242 1288 1232 1233 1241 1258 1300 1263 1323 1273 1282 1283 1285 1307 1302 1291 1331 1316 1305 1366 1321 1348 1280 1360 1368 1334 1366 1377 1398 1402 1437 1423 1426 1471 1453 1431 1452 1410 1459 1417 1491 1496 1532 1497 1482 1490 1486 1503 1564 1538 1617 1547 1586 1589 1555 1615 1572 1648 1616 1614 1612 1619 1630 1635 1625 1631 1664 1674 1699 1663 1710 1713 1683 1700 1718 1718 1721 1715 1790 1793 1724 1685 1753 1760 1774 1826 1783 1771 1741 1804 1839 1865 1887 1832 1827 1847 1858 1862 1864 1882 1855 1857 1866 1880 1900 1944 1892 1888 1895 1933 1899 1974 1920 1914 1941 1993 1886 1951 1978 1896 2025 1962 1974 1980 1985 2001 2006 2066 2044 2119 2067 2056 2098 2091 2112 2102 2175 2103 2066 2171 2130 2192 2164 2243 2171 2182 2182 2242 2202 2260 2203 2206 2264 2240 2228 2225 2293 2263 2257 2268 2307 2267 2273 2306 2278 2309 2298 2320 2320 2337 2355 2408 2359 2370 2360 2359 2383 2446 2397 2422 2436 2447 2471 2451 2528 2482 2534 2484 2522 2522 2489 2517 2473 2527 2485 2535 2563 2600 2562 2564 2550 2625 2626 2586 2610 2609 2609 2616 2617 2644 2644 2583 2665 2634 2714 2651 2671 2649 2613 2707 2685 2703 2662 2768 2732 2715 2779 2766 2807 2782 2766 2800 2834 2776 2800 2803 2753 2834 2812 2816 2851 2874 2854 2902 2870 2888 2847 2874 2937 2935 2959 3004 2994 3042 3007 3003 2998 3010 3068 3070 3020 3041 3045 3047 3055 3075 3092 3121 3161 3053 3144 3140 3159 3213 3212 3157 3174 3196 3217 3265 3209 3226 3280 3282 3269 3265 3310 3271 3262 3268 3344 3292 3282 3308 3310 3317 3334 3317 3283 3365 3345 3406 3360 3378 3395 3397 3450 3395 3406 3357 3476 3446 3364 3441 3429 3450 3447 3438 3471 3496 3465 3465 3470 3470 3479 3437 3533 3519 3520 3589 3518 3527 3542 3584 3540 3548 3559 3562 3593 3619 3543 3547 3601 3609 3675 3620 3651 3645 3643 3665 3662 3652 3666 3697 3686 3666 3672 3708 3771 3698 3658 3706 3752 3722 3723 3800 3730 3765 3740 3736 3763 3778 3774 3791 3789 3834 3849 3858 3861 3814 3822 3896 3893 3838 3864 3936 3900 3959 3923 3871 3957 3937 3954 3953 3961 3993 3962 3975 4015 4048 4016 4052 3953 4045 3963 4013 4093 4044 4104 4004 4049 4095 4092 4071 4073 4075 4144 4111 4104 4161 4114 4163 4151 4200 4179 4211 4111 4191 4158 4166 4130 4176 4252 4239 4228 4198 4195 4236 4234 4213 4172 4240 4238 4239 4225 4299 4185 4274 4239 4275 4264 4203 4267 4278 4296 4313 4335 4332 4338 4312 4311 4325 4337 4292 4385 4421 4379 4426 4446 4383 4439 4423 4413 4423 4458 4376 4445 4485 4448 4438 4450 4457 4490 4495 4481 4481 4466 4423 4558 4506 4452 4507 4569 4585 4533 4553 4522 4561 4564 4605 4506 4559 4587 4593 4634 4628 4639 4632 4602 4650 4708 4682 4686 4662 4666 4706 4676 4677 4699 4632 4686 4683 4750 4728 4769 4715 4717 4714 4739 4768 4697 4807 4772 4827 4779 4817 4804 4807 4858 4863 4839 4866 4870 4866 4903 4895 4840 4896 4907 4930 4908 4932 4910 4929 4924 4958 4940 4897 4967 4990 4978 4966 5026 4977 4981 5016 5036 5002 5003 5010 5067 5040 5081 5168 5155 5165 5138 5142 5164 5126 5153 5135 5152 5152 5196 5185 5159 5190 5177 5169 5166 5130 5175 5231 5262 5239 5277 5226 5281 5228 5291 5240 5242 5268 5252 5274 5270 5268 5346 5364 5318 5340 5365 5317 5346 5344 5329 5398 5392 5356 5379 5392 5412 5451 5405 5420 5426 5490 5495 5474 5483 5475 5521 5513 5515 5535 5585 5529 5586 5554 5558 5587 5613 5616 5639 5570 5573 5577 5591 5595 5552 5603 5617 5601 5608 5609 5617 5683 5637 5705 5722 5693 5680 5694 5737 5688 5707 5787 5754 5739 5728 5761 5744 5773 5745 5786 5776 5762 5787 5860 5830 5813 5802 5809 5812 5845 5888 5857 5869 5913 5876 5896 5874 5893 5917 5954 5985 5947 5970 6043 6041 6042 6042 6083 6091 6128 6131 6117 6153 6175 6145 6134 6138 6161 6144 6150 6108 6167 6246 6190 6193 6163 6213 6231 6240 6259 6177 6230 6287 6234 6240 6271 6311 6238 6243 6255 6257 6257 6221 6318 6323 6245 6299 6307 6332 6351 6354 6276 6325 6352 6337 6435 6463 6442 6393 6457 6500 6452 6452 6485 6498 6483 6551 6517 6542 6510 6534 6557 6561 6605 6585 6508 6578 6567 6593 6586 6590 6588 6659 6635 6677 6620 6630 6670 6592 6641 6661 6684 6654 6662 6674 6692 6694 6693 6766 6708 6751 6739 6776 6819 6771 6834 6799 6826 6788 6853 6834 6862 6807 6821 6818 6847 6908 6884 6851 6849 6863 6918 6818 6939 6882 6906 6918 6918 6945
