15 4 13
2 4 2 5
12 17 29 42 46 18 33 31 35 38 34 22 29
47 30 11 43 45 40 23 21 18 20 24 32 42
19 50 12 42 34 22 22 48 32 26 13 22 21
16 42 49 31 36 15 19 15 17 40 36 25 47
14 18 35 19 11 20 11 45 20 23 11 45 41
27 16 46 35 38 44 45 24 32 30 47 46 20
22 10 23 14 35 22 20 31 39 31 46 39 22
32 45 29 20 14 44 10 16 49 27 15 34 22
21 29 35 26 33 13 20 15 28 22 34 50 33
22 10 33 24 43 15 21 31 28 12 24 47 10
17 10 13 27 11 44 16 11 46 22 50 16 20
25 10 40 49 35 43 25 11 39 18 35 18 44
27 27 33 31 37 23 47 49 49 37 20 47 18
28 34 30 41 36 39 20 36 25 37 46 26 43
46 15 41 26 18 22 12 10 14 50 10 21 25
1 2 3 4 5 6 7 8 9 10 11 12 13 14 15 16 17 18 19 20 21 22 23 24 25 26 27 28 29 30 31 32 33 34 35 36 37 38 39 40 41 42 43 44 45 46 47 48 49 50 51 52 53 54 55 56 57 58 59 60 61 62 63 64 65 66 67 68 69 70 71 72 73 74 75 76 77 78 79 80 81 82 83 84 85 86 87 88 89 90 91 92 93 94 95 96 97 98 99 100 101 102 103 104 105 106 107 108 109 110 111 112 113 114 115 116 117 118 119 120 121 122 123 124 125 126 127 128 129 130 131 132 133 134 135 136 137 138 139 140 141 142 143 144 145 146 147 148 149 150 151 152 153 154 155 156 157 158 159 160 161 162 163 164 165 166 167 168 169 170 171 172 173 174 175 176 177 178 179 180 181 182 183 184 185 186 187 188 189 190 191 192 193 194 195 196 197 198 199 200 201 202 203 204 205 206 207 208 209 210 211 212 213 214 215 216 217 218 219 220 221 222 223 224 225 226 227 228 229 230 231 232 233 234 235 236 237 238 239 240 241 242 243 244 245 246 247 248 249 250 251 252 253 254 255 256 257 258 259 260 261 262 263 264 265 266 267 268 269 270 271 272 273 274 275 276 277 278 279 280 281 282 283 284 285 286 287 288 289 290 291 292 293 294 295 296 297 298 299 300 301 302 303 304 305 306 307 308 309 310 311 312 313 314 315 316 317 318 319 320 321 322 323 324 325 326 327 328 329 330 331 332 333 334 335 336 337 338 339 340 341 342 343 344 345 346 347 348 349 350 351 352 353 354 355 356 357 358 359 360 361 362 363 364 365 366 367 368 369 370 371 372 373 374 375 376 377 378 379 380 381 382 383 384 385 386 387 388 389 390 391 392 393 394 395 396 397 398 399 400 401 402 403 404 405 406 407 408 409 410 411 412 413 414 415 416 417 418 419 420 421 422 423 424 425 426 427 428 429 430 431 432 433 434 435 436 437 438 439 440 441 442 443 444 445 446 447 448 449 450 451 452 453 454 455 456 457 458 459 460 461 462 463 464 465 466 467 468 469 470 471 472 473 474 475 476 477 478 479 480 481 482 483 484 485 486 487 488 489 490 491 492 493 494 495 496 497 498 499 500 501 502 503 504 505 506 507 508 509 510 511 512 513 514 515 516 517 518 519 520 521 522 523 524 525 526 527 528 529 530 531 532 533 534 535 536 537 538 539 540 541 542 543 544 545 546 547 548 549 550 551 552 553 554 555 556 557 558 559 560 561 562 563 564 565 566 567 568 569 570 571 572 573 574 575 576 577 578 579 580 581 582 583 584 585 586 587 588 589 590 591 592 593 594 595 596 597 598 599 600 601 602 603 604 605 606 607 608 609 610 611 612 613 614 615 616 617 618 619 620 621 622 623 624 625 626 627 628 629 630 631 632 633 634 635 636 637 638 639 640 641 642 643 644 645 646 647 648 649 650 651 652 653 654 655 656 657 658 659 660 661 662 663 664 665 666 667 668 669 670 671 672 673 674 675 676 677 678 679 680 681 682 683 684 685 686 687 688 689 690 691 692 693 694 695 696 697 698 699 700 701 702 703 704 705 706 707 708 709 710 711 712 713 714 715 716 717 718 719 720 721 722 723 724 725 726 727 728 729 730 731 732 733 734 735 736 737 738 739 740 741 742 743 744 745 746 747 748 749 750 751 752 753 754 755 756 757 758 759 760 761 762 763 764 765 766 767 768 769 770 771 772 773 774 775 776 777 778 779 780 781 782 783 784 785 786 787 788 789 790 791 792 793 794 795 796 797 798 799 800 801 802 803 804 805 806 807 808 809 810 811 812 813 814 815 816 817 818 819 820 821 822 823 824 825 826 827 828 829 830 831 832 833 834 835 836 837 838 839 840 841 842 843 844 845 846 847 848 849 850 851 852 853 854 855 856 857 858 859 860 861 862 863 864 865 866 867 868 869 870 871 872 873 874 875 876 877 878 879 880 881 882 883 884 885 886 887 888 889 890 891 892 893 894 895 896 897 898 899 900 901 902 903 904 905 906 907 908 909 910 911 912 913 914 915 916 917 918 919 920 921 922 923 924 925 926 927 928 929 930 931 932 933 934 935 936 937 938 939 940 941 942 943 944 945 946 947 948 949 950 951 952 953 954 955 956 957 958 959 960 961 962 963 964 965 966 967 968 969 970 971 972 973 974 975 976 977 978 979 980 981 982 983 984 985 986 987 988 989 990 991 992 993 994 995 996 997 998 999 1000
3 10 1 1 4 1 11 3 12 0 13 10 13 8 10 4 8 6 12 8 8 14 11 11 3 1 2 14 9 13 2 13 14 1 9 1 0 13 1 11 3 10 12 14 3 6 3 13 6 2 7 1 14 13 8 14 2 10 13 4 8 6 12 6 11 6 9 12 13 8 13 3 11 4 8 12 0 1 2 12 12 6 7 14 6 6 8 4 2 13 10 3 9 9 9 9 14 3 2 13 10 2 7 3 12 12 6 10 10 8 11 9 4 10 11 9 13 9 1 14 1 2 9 12 0 13 7 5 13 3 4 6 5 3 1 9 4 0 14 9 8 8 6 6 0 11 2 0 7 6 6 3 3 13 12 13 5 1 12 14 8 7 1 1 9 2 5 8 14 13 6 2 9 2 8 14 9 10 2 0 4 1 9 0 10 0 1 9 13 5 6 10 6 1 9 7 12 0 2 7 6 6 0 9 2 1 10 14 8 1 9 9 2 5 0 5 4 14 11 7 10 8 0 3 5 14 10 6 12 5 2 14 5 7 13 10 7 2 4 13 0 11 10 10 3 8 7 0 0 8 10 0 5 10 10 13 13 6 11 1 5 13 1 2 11 0 13 7 4 5 9 3 2 6 0 11 2 0 8 2 9 8 13 5 5 0 5 10 11 10 0 9 7 2 13 4 9 3 7 1 3 2 12 5 0 11 0 11 6 9 1 9 4 1 12 0 6 13 8 14 3 4 14 5 6 9 11 11 2 10 1 1 7 0 8 6 1 7 10 0 0 8 12 4 5 12 12 0 12 12 1 1 1 5 10 1 13 11 10 12 11 13 1 14 5 7 9 14 11 10 2 0 6 11 9 11 12 7 10 8 11 6 14 2 4 8 1 12 13 14 8 3 7 14 9 7 5 4 4 5 5 11 4 4 2 13 11 13 13 3 7 7 8 14 9 1 4 2 2 5 6 13 14 10 13 1 2 9 14 3 14 9 0 4 2 11 7 12 13 0 7 11 13 11 4 3 13 14 3 0 7 4 12 9 11 0 6 9 4 4 7 13 9 3 12 10 14 9 1 7 12 14 2 9 0 3 12 13 13 13 8 14 3 13 4 2 9 2 10 1 10 3 7 2 8 3 0 1 11 13 10 1 8 6 7 11 12 1 6 3 2 2 4 11 13 14 6 12 13 4 12 12 6 5 5 14 10 11 0 12 1 13 13 6 12 13 6 3 10 0 4 1 13 10 11 7 2 5 13 11 12 9 11 12 13 1 14 8 6 14 9 1 7 11 9 0 6 3 7 3 0 0 6 10 3 4 12 11 3 4 8 7 12 2 4 14 7 3 12 6 5 13 6 10 5 5 11 9 2 6 7 3 9 13 5 11 11 13 10 12 3 11 4 8 10 10 12 12 1 0 4 5 5 7 5 14 11 10 7 6 12 8 13 2 9 10 10 14 14 3 9 1 0 0 6 8 9 6 0 2 1 3 1 8 8 4 13 14 12 13 4 14 8 7 2 3 9 2 0 11 6 8 14 12 10 12 5 3 11 11 14 9 4 12 4 2 9 4 10 9 3 13 12 0 11 7 9 8 11 12 3 0 14 10 2 14 8 12 14 2 6 6 12 8 2 10 12 10 10 14 5 5 10 0 3 9 4 2 0 12 10 12 11 9 11 14 0 3 12 11 9 2 14 9 8 13 0 12 2 14 6 8 14 11 0 2 7 2 4 8 12 12 2 13 4 3 6 7 12 9 1 1 1 11 5 10 2 4 0 1 0 2 0 1 6 2 12 4 8 0 14 12 13 2 11 3 6 11 1 6 0 9 4 9 0 8 10 14 12 0 6 9 13 0 7 12 12 4 10 13 7 4 12 4 13 3 8 1 8 1 11 10 0 13 4 2 1 13 9 14 10 9 13 6 2 3 12 4 5 1 0 13 7 4 4 3 10 10 11 1 13 6 2 0 2 5 8 4 3 2 7 14 0 5 11 14 1 8 11 9 10 2 12 5 3 10 5 12 5 4 9 4 10 8 12 8 10 14 9 9 9 3 3 0 1 4 7 7 6 4 3 7 11 5 11 0 4 12 5 13 1 1 0 13 9 6 8 12 13 0 5 2 3 5 2 1 4 12 7 8 8 14 3 7 8 6 0 3 9 14 7 1 3 10 4 8 0 6 6 14 7 14 6 2 9 3 13 7 6 3 12 5 1 4 13 5 12 1 11 8 9 14 10 0 3 9 14 14 1 12 6 8 4 1 4 8 2 1 7 12
10 11 12 17 19 33 35 54 71 78 95 100 103 104 119 120 122 127 128 130 133 134 138 143 144 149 161 175 182 199 200 205 206 216 224 226 229 230 240 249 250 257 259 297 306 308 309 313 324 325 326 341 344 352 353 354 359 374 394 427 429 431 498 500 501 506 507 513 529 550 562 568 574 580 585 586 587 588 589 593 594 595 612 623 634 641 642 645 652 660 673 675 680 695 712 720 728 729 730 745 748 749 754 755 758 768 806 831 839 849 850 852 858 867 870 879 880 885 901 902 905 912 913 914 924 926 927 929 932 950 951 957 958 959 960 979 981 991 998 1000 1002 1003 1021 1032 1035 1048 1056 1060 1073 1079 1081 1087 1106 1107 1108 1123 1125 1126 1127 1128 1129 1134 1159 1162 1173 1178 1180 1194 1199 1205 1224 1225 1229 1255 1259 1267 1279 1283 1292 1296 1297 1298 1302 1304 1318 1319 1331 1334 1343 1347 1349 1365 1372 1382 1393 1394 1397 1404 1406 1412 1420 1427 1437 1449 1453 1465 1466 1486 1487 1489 1499 1506 1511 1524 1528 1529 1539 1548 1551 1573 1578 1579 1586 1590 1592 1594 1601 1605 1616 1617 1631 1653 1663 1664 1677 1678 1683 1684 1688 1696 1711 1712 1721 1722 1734 1735 1741 1768 1771 1784 1792 1799 1814 1815 1816 1824 1829 1834 1842 1847 1854 1861 1865 1866 1871 1872 1875 1876 1877 1882 1896 1918 1938 1941 1942 1973 1976 1984 1986 1995 2001 2007 2011 2015 2017 2025 2032 2040 2051 2053 2088 2091 2093 2094 2103 2104 2105 2113 2117 2134 2139 2145 2154 2160 2161 2166 2171 2175 2177 2193 2208 2209 2221 2228 2240 2243 2248 2257 2261 2262 2269 2270 2280 2290 2291 2292 2310 2312 2320 2321 2325 2338 2342 2343 2358 2362 2363 2377 2378 2379 2383 2388 2390 2394 2396 2398 2404 2407 2412 2425 2433 2435 2438 2445 2461 2462 2464 2465 2467 2469 2471 2477 2481 2484 2493 2499 2500 2514 2515 2521 2522 2526 2530 2531 2532 2533 2534 2535 2544 2545 2566 2570 2580 2582 2588 2594 2597 2603 2615 2616 2631 2635 2640 2654 2660 2662 2666 2667 2676 2681 2685 2688 2694 2697 2716 2724 2729 2737 2738 2739 2740 2747 2749 2750 2752 2753 2755 2764 2765 2775 2779 2780 2783 2784 2787 2788 2796 2797 2799 2800 2801 2809 2819 2825 2830 2838 2852 2855 2856 2860 2880 2884 2894 2900 2910 2918 2919 2933 2941 2946 2956 2962 2970 2977 2986 2988 2989 2992 3001 3017 3018 3021 3022 3026 3028 3038 3039 3044 3046 3052 3057 3063 3064 3069 3077 3085 3086 3088 3089 3090 3092 3093 3106 3125 3129 3130 3147 3150 3158 3159 3162 3172 3173 3181 3182 3193 3196 3211 3225 3232 3245 3246 3247 3253 3254 3261 3267 3283 3284 3289 3297 3301 3306 3311 3315 3320 3329 3361 3364 3365 3398 3399 3401 3405 3409 3410 3413 3414 3419 3420 3423 3425 3426 3449 3452 3455 3457 3465 3472 3477 3478 3479 3485 3490 3491 3499 3500 3501 3522 3528 3532 3533 3538 3545 3547 3558 3560 3563 3564 3566 3567 3573 3580 3588 3591 3593 3603 3611 3623 3636 3647 3653 3671 3687 3688 3691 3692 3700 3701 3703 3704 3721 3731 3733 3734 3755 3759 3773 3775 3776 3786 3792 3809 3814 3822 3823 3827 3846 3864 3868 3875 3876 3907 3915 3923 3961 3962 3973 3992 4012 4031 4032 4041 4049 4070 4080 4095 4097 4101 4107 4108 4110 4120 4121 4126 4136 4137 4138 4140 4141 4147 4162 4163 4168 4169 4177 4184 4187 4189 4191 4196 4201 4238 4242 4249 4250 4265 4266 4268 4275 4285 4286 4299 4301 4306 4315 4319 4330 4331 4336 4348 4349 4368 4378 4389 4390 4395 4404 4424 4425 4426 4430 4434 4442 4443 4458 4466 4471 4474 4476 4479 4480 4488 4521 4531 4542 4549 4554 4556 4558 4579 4585 4588 4595 4602 4621 4630 4645 4647 4654 4655 4660 4663 4666 4685 4701 4709 4712 4716 4723 4724 4725 4726 4734 4738 4753 4786 4793 4800 4801 4807 4811 4812 4813 4814 4821 4825 4829 4843 4844 4853 4854 4866 4869 4881 4882 4890 4891 4896 4903 4910 4913 4921 4922 4928 4933 4934 4955 4959 4960 4974 4979 4982 4983 4987 4993 4998 5020 5026 5035 5043 5044 5055 5062 5066 5070 5071 5075 5079 5083 5097 5106 5124 5131 5136 5139 5141 5142 5156 5162 5164 5172 5174 5175 5198 5199 5203 5212 5217 5219 5228 5239 5245 5249 5258 5260 5269 5277 5282 5309 5327 5330 5333 5337 5341 5354 5355 5375 5384 5398 5400 5410 5420 5421 5424 5425 5428 5433 5447 5451 5469 5474 5476 5477 5486 5489 5493 5494 5495 5496 5501 5515 5518 5521 5525 5534 5535 5537 5555 5562 5567 5570 5573 5577 5578 5585 5594 5603 5609 5612 5625 5628 5634 5635 5644 5649 5650 5652 5653 5660 5674 5678 5718 5750 5755 5756 5761 5765 5768 5789 5803 5806 5816 5824 5826 5827 5828 5831 5835 5840 5850 5863 5869 5871 5878 5881 5889 5894 5903 5904 5918 5919 5923 5929 5942 5943 5951 5980 5982 5984 6002 6005 6010 6024 6041 6042 6048 6051 6058 6065 6081 6083 6084 6086 6101 6109 6113 6138 6140 6145 6149 6169 6174 6183 6191 6199 6202 6208 6217 6218 6220 6230 6233 6236 6271 6274 6282 6284 6295 6302 6328 6354 6361 6369 6389 6396 6402 6403 6405 6415 6416 6418 6422 6423 6426 6433 6443 6445 6448 6449 6454 6467 6468 6480 6494 6507 6508 6511 6513 6517 6525 6538 6541 6544 6568 6569 6571 6573 6577 6579 6583 6584 6587 6603 6605 6607 6614 6618 6619 6637 6649 6664 6666 6667 6684 6700 6701 6704 6708 6728
233 174 256 261 205 277 251 277 351 301 356 263 364 309 282 306 327 327 408 335 338 318 354 359 367 393 400 359 371 460 439 466 390 460 413 470 452 491 484 465 473 420 539 481 529 508 532 574 524 564 541 585 528 613 558 538 598 537 655 613 634 631 778 700 717 706 696 793 790 755 823 791 790 766 790 866 810 832 828 873 874 795 827 807 834 841 847 831 891 921 836 898 869 884 901 909 912 952 969 1006 911 988 969 978 1038 1048 1006 994 1002 1054 1066 1041 1044 1030 1086 1068 1141 1074 1145 1086 1149 1151 1102 1194 1147 1187 1142 1192 1193 1173 1137 1157 1221 1182 1204 1168 1167 1214 1182 1189 1207 1208 1221 1232 1258 1264 1295 1283 1288 1279 1281 1310 1329 1368 1388 1384 1388 1370 1407 1312 1334 1349 1403 1406 1362 1417 1443 1399 1383 1466 1424 1464 1418 1494 1464 1451 1468 1446 1531 1519 1483 1542 1491 1527 1481 1542 1575 1523 1604 1610 1549 1528 1572 1626 1582 1609 1677 1627 1645 1627 1620 1627 1660 1638 1692 1709 1629 1670 1692 1733 1688 1695 1750 1787 1751 1792 1725 1732 1767 1788 1741 1784 1809 1813 1855 1778 1764 1805 1896 1880 1870 1837 1926 1879 1938 1841 1898 1923 1874 1957 1934 1928 1884 1885 1957 1940 1956 1991 1994 1989 1955 2022 2077 1978 1979 2085 2090 2034 2058 2091 2117 2122 2109 2105 2087 2095 2136 2091 2063 2145 2085 2141 2177 2141 2165 2189 2215 2207 2191 2234 2190 2212 2272 2278 2280 2248 2295 2203 2267 2216 2311 2280 2308 2333 2364 2290 2294 2336 2332 2378 2362 2384 2434 2423 2384 2382 2394 2391 2377 2382 2452 2398 2407 2472 2520 2466 2448 2518 2466 2446 2492 2456 2464 2553 2491 2481 2526 2528 2559 2484 2569 2582 2557 2566 2563 2562 2607 2592 2541 2602 2606 2593 2670 2580 2659 2678 2684 2630 2692 2705 2677 2679 2682 2708 2624 2706 2725 2681 2630 2749 2687 2738 2725 2668 2756 2714 2689 2698 2731 2684 2761 2749 2730 2747 2721 2749 2814 2750 2707 2750 2782 2770 2764 2821 2774 2799 2841 2883 2876 2800 2836 2858 2855 2838 2849 2877 2929 2853 2862 2944 2948 2904 2880 2883 2955 2985 2945 2998 2999 2962 2955 2962 2954 2934 2941 2997 2941 3003 3004 3038 2979 3041 2967 2947 3048 3032 3035 2986 2983 3023 2985 2998 3042 3011 3069 3054 3067 3135 3117 3083 3095 3100 3155 3116 3096 3141 3180 3117 3164 3169 3171 3148 3250 3166 3202 3211 3189 3181 3187 3203 3233 3282 3211 3249 3308 3201 3223 3233 3290 3267 3337 3247 3303 3258 3300 3308 3366 3349 3350 3351 3297 3277 3329 3386 3315 3369 3336 3389 3321 3403 3325 3395 3388 3420 3387 3416 3419 3455 3441 3493 3408 3490 3452 3453 3469 3477 3547 3527 3484 3512 3536 3540 3492 3527 3576 3504 3529 3641 3625 3551 3678 3679 3601 3668 3672 3594 3576 3630 3642 3700 3667 3686 3687 3649 3732 3716 3657 3688 3635 3700 3664 3723 3746 3653 3707 3714 3739 3764 3783 3744 3812 3722 3754 3825 3808 3802 3744 3768 3764 3750 3756 3817 3795 3804 3780 3816 3803 3834 3838 3859 3870 3876 3871 3850 3911 3877 3972 3916 3924 3889 3909 3936 4011 3972 3920 3939 3974 3996 4055 3976 4049 4053 4009 3977 4085 4086 4043 4035 4103 4068 4090 4099 4096 4176 4186 4177 4178 4234 4155 4292 4254 4248 4227 4254 4233 4243 4375 4377 4345 4330 4294 4373 4383 4336 4389 4320 4353 4301 4355 4341 4427 4367 4424 4407 4358 4340 4347 4371 4373 4414 4385 4445 4461 4465 4449 4455 4454 4466 4491 4514 4529 4509 4543 4506 4511 4501 4580 4514 4611 4597 4534 4533 4573 4593 4628 4613 4584 4643 4647 4641 4626 4635 4618 4722 4606 4738 4729 4694 4690 4692 4663 4669 4674 4801 4717 4781 4738 4740 4719 4747 4802 4846 4868 4818 4818 4836 4819 4850 4863 4934 4878 4883 4847 4829 4924 4885 4914 4992 4900 4962 4924 4925 5006 4939 4977 4916 5066 4956 4963 4985 5070 5074 4975 5036 5037 5010 5011 5068 5066 5124 5016 5134 5082 5058 5097 5066 5113 5114 5176 5119 5099 5152 5105 5111 5133 5194 5157 5235 5198 5144 5174 5184 5166 5199 5210 5232 5213 5259 5212 5240 5323 5324 5294 5323 5252 5293 5271 5290 5359 5272 5341 5350 5368 5347 5399 5302 5380 5328 5379 5406 5387 5411 5397 5419 5398 5438 5483 5398 5422 5442 5412 5519 5506 5488 5474 5483 5469 5493 5526 5509 5550 5519 5519 5526 5564 5559 5518 5559 5664 5621 5600 5599 5681 5644 5639 5705 5708 5619 5610 5712 5684 5660 5756 5663 5747 5712 5698 5738 5700 5740 5717 5678 5741 5782 5711 5773 5779 5798 5744 5746 5730 5759 5834 5777 5817 5808 5874 5789 5872 5856 5848 5889 5849 5821 5830 5872 5813 5815 5869 5904 5935 5878 5957 5973 5994 6019 5966 5951 5991 6028 6018 5990 6039 6087 6042 6011 6072 6036 6051 6029 6013 6102 6149 6134 6101 6044 6152 6174 6166 6090 6107 6105 6086 6134 6222 6148 6114 6164 6171 6173 6191 6228 6233 6247 6285 6228 6263 6266 6258 6251 6304 6298 6300 6349 6317 6332 6299 6418 6403 6406 6393 6413 6397 6444 6380 6399 6407 6488 6478 6441 6483 6469 6456 6499 6510 6518 6468 6564 6510 6507 6533 6538 6584 6584 6594 6596 6625 6626 6594 6599 6631 6662 6645 6586 6612 6638 6666 6645 6648 6633 6669 6651 6668 6719 6683 6730 6769 6726 6713 6740 6805 6801 6785 6730 6829 6832 6851 6817 6793 6784 6772 6768 6750 6826 6828 6796 6798 6802 6863 6917 6849 6869 6852 6911 6870 6905 6940 6948 6923 7008
