15 4 17
5 2 5 5
25 32 33 45 48 43 48 20 18 26 11 31 41 46 16 16 22
11 48 17 27 12 32 30 47 26 25 11 26 42 14 45 44 19
26 27 28 50 26 45 36 43 31 25 23 47 13 47 16 31 19
15 38 39 36 40 23 24 41 35 36 21 22 13 16 27 19 31
25 28 33 45 23 33 26 17 29 48 38 35 16 35 18 13 11
43 36 33 30 24 25 21 44 46 10 19 49 28 21 43 47 22
36 27 22 26 11 34 34 31 42 16 49 47 28 24 39 38 18
44 11 18 43 16 46 38 40 26 31 45 13 14 38 24 18 20
10 29 17 23 15 42 39 20 44 45 45 25 23 42 46 23 24
26 27 10 36 41 40 22 39 26 30 39 47 31 13 41 49 38
23 38 43 36 32 23 46 11 48 19 47 49 26 50 13 49 23
41 33 18 12 21 13 13 12 46 28 46 44 33 19 46 20 15
26 37 12 38 17 41 17 15 33 35 10 21 19 37 48 32 13
14 50 35 29 25 21 46 43 40 12 35 33 33 18 34 35 29
38 19 39 45 29 33 15 40 37 43 48 17 29 41 21 29 14
1 2 3 4 5 6 7 8 9 10 11 12 13 14 15 16 17 18 19 20 21 22 23 24 25 26 27 28 29 30 31 32 33 34 35 36 37 38 39 40 41 42 43 44 45 46 47 48 49 50 51 52 53 54 55 56 57 58 59 60 61 62 63 64 65 66 67 68 69 70 71 72 73 74 75 76 77 78 79 80 81 82 83 84 85 86 87 88 89 90 91 92 93 94 95 96 97 98 99 100 101 102 103 104 105 106 107 108 109 110 111 112 113 114 115 116 117 118 119 120 121 122 123 124 125 126 127 128 129 130 131 132 133 134 135 136 137 138 139 140 141 142 143 144 145 146 147 148 149 150 151 152 153 154 155 156 157 158 159 160 161 162 163 164 165 166 167 168 169 170 171 172 173 174 175 176 177 178 179 180 181 182 183 184 185 186 187 188 189 190 191 192 193 194 195 196 197 198 199 200 201 202 203 204 205 206 207 208 209 210 211 212 213 214 215 216 217 218 219 220 221 222 223 224 225 226 227 228 229 230 231 232 233 234 235 236 237 238 239 240 241 242 243 244 245 246 247 248 249 250 251 252 253 254 255 256 257 258 259 260 261 262 263 264 265 266 267 268 269 270 271 272 273 274 275 276 277 278 279 280 281 282 283 284 285 286 287 288 289 290 291 292 293 294 295 296 297 298 299 300 301 302 303 304 305 306 307 308 309 310 311 312 313 314 315 316 317 318 319 320 321 322 323 324 325 326 327 328 329 330 331 332 333 334 335 336 337 338 339 340 341 342 343 344 345 346 347 348 349 350 351 352 353 354 355 356 357 358 359 360 361 362 363 364 365 366 367 368 369 370 371 372 373 374 375 376 377 378 379 380 381 382 383 384 385 386 387 388 389 390 391 392 393 394 395 396 397 398 399 400 401 402 403 404 405 406 407 408 409 410 411 412 413 414 415 416 417 418 419 420 421 422 423 424 425 426 427 428 429 430 431 432 433 434 435 436 437 438 439 440 441 442 443 444 445 446 447 448 449 450 451 452 453 454 455 456 457 458 459 460 461 462 463 464 465 466 467 468 469 470 471 472 473 474 475 476 477 478 479 480 481 482 483 484 485 486 487 488 489 490 491 492 493 494 495 496 497 498 499 500 501 502 503 504 505 506 507 508 509 510 511 512 513 514 515 516 517 518 519 520 521 522 523 524 525 526 527 528 529 530 531 532 533 534 535 536 537 538 539 540 541 542 543 544 545 546 547 548 549 550 551 552 553 554 555 556 557 558 559 560 561 562 563 564 565 566 567 568 569 570 571 572 573 574 575 576 577 578 579 580 581 582 583 584 585 586 587 588 589 590 591 592 593 594 595 596 597 598 599 600 601 602 603 604 605 606 607 608 609 610 611 612 613 614 615 616 617 618 619 620 621 622 623 624 625 626 627 628 629 630 631 632 633 634 635 636 637 638 639 640 641 642 643 644 645 646 647 648 649 650 651 652 653 654 655 656 657 658 659 660 661 662 663 664 665 666 667 668 669 670 671 672 673 674 675 676 677 678 679 680 681 682 683 684 685 686 687 688 689 690 691 692 693 694 695 696 697 698 699 700 701 702 703 704 705 706 707 708 709 710 711 712 713 714 715 716 717 718 719 720 721 722 723 724 725 726 727 728 729 730 731 732 733 734 735 736 737 738 739 740 741 742 743 744 745 746 747 748 749 750 751 752 753 754 755 756 757 758 759 760 761 762 763 764 765 766 767 768 769 770 771 772 773 774 775 776 777 778 779 780 781 782 783 784 785 786 787 788 789 790 791 792 793 794 795 796 797 798 799 800 801 802 803 804 805 806 807 808 809 810 811 812 813 814 815 816 817 818 819 820 821 822 823 824 825 826 827 828 829 830 831 832 833 834 835 836 837 838 839 840 841 842 843 844 845 846 847 848 849 850 851 852 853 854 855 856 857 858 859 860 861 862 863 864 865 866 867 868 869 870 871 872 873 874 875 876 877 878 879 880 881 882 883 884 885 886 887 888 889 890 891 892 893 894 895 896 897 898 899 900 901 902 903 904 905 906 907 908 909 910 911 912 913 914 915 916 917 918 919 920 921 922 923 924 925 926 927 928 929 930 931 932 933 934 935 936 937 938 939 940 941 942 943 944 945 946 947 948 949 950 951 952 953 954 955 956 957 958 959 960 961 962 963 964 965 966 967 968 969 970 971 972 973 974 975 976 977 978 979 980 981 982 983 984 985 986 987 988 989 990 991 992 993 994 995 996 997 998 999 1000
10 7 3 0 5 7 7 4 10 12 2 2 5 3 11 8 0 14 2 13 4 13 0 14 5 9 10 12 7 8 7 13 7 0 12 13 8 13 9 9 2 12 10 0 4 0 4 10 4 12 8 3 4 12 13 9 14 5 9 7 9 8 7 9 12 8 5 4 8 3 0 13 11 10 1 3 7 9 8 4 9 11 1 3 5 3 1 5 7 7 7 1 10 9 13 13 5 1 2 4 12 5 14 5 1 2 7 13 0 13 2 6 4 14 7 11 0 9 1 2 6 14 4 0 0 6 5 8 11 8 5 4 6 6 12 14 0 14 9 9 9 0 4 9 1 9 0 2 14 1 12 0 4 1 12 4 11 10 8 5 8 11 8 8 6 4 6 2 5 9 9 10 4 5 0 11 13 12 1 2 14 1 0 1 6 0 6 6 2 11 3 10 12 13 0 5 0 10 6 10 6 8 7 4 8 6 2 5 2 0 9 7 2 3 0 8 11 8 11 12 3 11 10 2 13 12 2 5 7 12 8 11 6 2 2 9 2 14 13 12 6 10 0 1 12 13 4 6 9 6 8 6 7 12 1 7 2 3 0 9 6 14 12 1 0 1 12 1 5 1 10 12 13 0 5 7 13 8 2 11 14 12 2 0 1 6 6 10 10 5 10 12 0 2 3 6 0 13 12 11 3 14 14 2 8 7 4 7 2 2 8 12 14 0 4 5 0 7 2 1 9 10 4 3 8 9 10 6 2 9 11 5 0 1 2 6 8 12 9 4 0 3 14 5 7 0 2 13 6 2 5 3 2 5 12 12 5 7 5 1 5 8 14 2 12 7 1 6 4 11 3 8 13 8 12 7 4 13 2 14 3 5 0 4 14 7 0 5 1 6 5 10 12 1 5 5 4 9 8 10 8 12 3 5 3 14 10 12 8 2 13 12 7 13 7 5 5 4 0 3 11 13 11 11 4 13 0 10 1 5 9 12 10 13 7 2 10 13 6 12 0 3 10 14 0 8 0 4 14 3 8 3 13 1 14 5 12 3 6 9 6 7 4 3 12 11 12 0 9 1 12 5 7 5 1 3 11 5 5 10 7 6 6 5 12 5 4 3 6 4 1 4 7 1 14 10 2 13 0 4 3 0 14 6 13 3 1 7 5 0 13 11 4 2 5 10 3 7 7 1 8 3 12 3 1 8 5 1 6 13 7 11 13 11 5 8 5 7 5 0 4 6 4 6 7 12 9 12 8 12 6 12 13 0 14 14 8 3 1 8 9 1 4 8 12 5 4 10 12 11 5 0 8 11 10 4 9 3 4 3 3 9 5 4 7 5 5 1 11 1 3 2 7 4 2 1 9 4 0 6 12 13 1 10 0 7 0 9 6 4 1 6 1 13 3 1 6 9 3 11 4 4 13 1 9 0 6 2 10 9 1 8 11 1 11 13 14 11 1 12 8 13 10 13 13 12 12 4 11 8 11 8 4 0 9 1 2 9 1 8 0 7 3 4 8 5 2 14 1 1 11 11 7 11 5 14 0 0 10 1 10 13 13 6 9 12 4 12 6 13 8 9 2 3 8 12 3 9 2 6 0 0 14 5 3 7 5 2 8 7 13 10 14 12 3 5 8 14 5 11 4 8 7 10 6 1 13 12 9 7 9 13 0 1 10 6 3 9 10 6 13 4 11 11 7 8 14 3 1 0 6 10 13 1 7 0 12 0 1 7 1 8 0 2 6 5 3 8 2 12 9 14 3 1 0 11 6 2 11 8 13 8 4 9 6 0 9 5 7 12 8 14 4 5 7 2 9 6 14 8 4 1 4 4 10 10 4 11 2 12 7 5 5 9 7 7 2 8 11 2 6 4 10 7 1 10 1 12 4 3 3 7 7 3 2 4 12 8 4 13 8 4 0 3 11 9 4 7 5 0 13 4 1 14 3 13 13 1 10 3 13 2 14 2 4 9 10 8 13 9 11 5 0 11 4 10 3 3 1 12 10 1 11 7 1 9 12 10 0 13 5 10 10 1 8 2 2 1 2 1 3 1 5 5 12 2 5 13 13 5 14 9 9 11 13 11 7 8 10 6 13 5 11 12 1 2 0 12 11 6 14 4 14 12 4 1 6 9 10 0 4 5 3 12 3 1 11 12 13 13 6 3 10 2 8 9 10 0 13 5 6 2 13 6 2 13 0 7 2 1 9 0 12 13 0 13 11 1 1 9 2 1 5 4 0 0 11 9 7 3 5 14 13 11 13 13 6 8 0 3
0 1 2 5 29 32 35 45 47 52 76 78 90 93 95 101 116 122 124 126 153 176 182 192 196 197 199 201 202 208 209 214 221 228 233 245 247 257 261 273 285 299 307 309 312 319 325 353 356 357 362 371 394 400 405 414 417 434 435 436 438 440 443 445 447 452 456 459 465 478 479 481 489 490 495 500 503 505 510 515 517 519 522 524 526 552 555 560 570 578 584 592 597 601 620 639 644 645 647 648 649 651 662 665 677 678 679 681 692 700 701 706 724 729 741 750 757 767 773 774 775 787 794 806 811 814 821 830 835 838 846 847 848 873 877 882 895 899 900 901 911 912 913 914 918 924 941 944 946 952 984 985 994 1001 1009 1019 1025 1029 1031 1054 1056 1061 1064 1084 1097 1098 1106 1118 1126 1140 1144 1150 1151 1153 1159 1162 1170 1171 1186 1205 1219 1224 1242 1243 1247 1250 1256 1264 1265 1274 1276 1281 1285 1317 1327 1336 1338 1345 1353 1366 1367 1373 1378 1379 1381 1386 1387 1389 1393 1395 1400 1403 1407 1411 1431 1432 1433 1452 1472 1477 1479 1482 1501 1513 1516 1519 1532 1534 1535 1538 1556 1569 1570 1579 1581 1582 1584 1590 1592 1602 1623 1631 1638 1640 1642 1645 1646 1657 1663 1668 1677 1691 1705 1713 1721 1735 1740 1747 1749 1751 1764 1768 1782 1783 1784 1796 1804 1805 1807 1808 1818 1840 1844 1847 1848 1849 1858 1859 1862 1878 1888 1890 1891 1904 1910 1916 1918 1923 1935 1937 1938 1948 1954 1958 1965 1966 1973 1976 1980 1981 1982 1983 1988 1989 2040 2041 2065 2070 2078 2080 2081 2082 2086 2087 2092 2102 2116 2126 2147 2149 2154 2155 2156 2160 2164 2166 2176 2183 2188 2193 2200 2212 2235 2239 2240 2243 2250 2255 2257 2258 2263 2266 2275 2286 2290 2301 2303 2313 2324 2325 2328 2346 2355 2362 2363 2364 2367 2375 2377 2414 2415 2417 2429 2439 2453 2462 2477 2478 2496 2499 2503 2524 2525 2528 2538 2551 2558 2565 2567 2570 2578 2583 2594 2608 2625 2627 2639 2642 2644 2652 2653 2660 2661 2664 2676 2678 2679 2683 2716 2731 2735 2739 2745 2746 2755 2761 2762 2763 2774 2777 2779 2781 2786 2787 2798 2811 2818 2821 2822 2829 2842 2853 2854 2870 2874 2883 2884 2885 2891 2894 2907 2914 2939 2940 2945 2948 2949 2950 2951 2957 2959 2969 2970 2985 2986 3001 3002 3014 3023 3026 3030 3031 3035 3036 3038 3050 3051 3052 3068 3071 3084 3086 3096 3097 3103 3104 3106 3112 3114 3115 3117 3119 3146 3152 3154 3155 3156 3158 3159 3166 3167 3169 3177 3178 3179 3187 3188 3191 3195 3197 3201 3207 3215 3219 3223 3224 3229 3230 3231 3242 3250 3254 3255 3260 3265 3267 3270 3271 3279 3283 3310 3311 3322 3323 3324 3346 3353 3360 3366 3387 3405 3417 3425 3428 3429 3431 3439 3440 3452 3459 3460 3471 3477 3491 3513 3519 3523 3527 3536 3560 3561 3564 3568 3569 3572 3578 3588 3598 3603 3607 3608 3609 3610 3630 3631 3645 3662 3673 3679 3682 3684 3694 3698 3712 3713 3716 3719 3724 3729 3730 3736 3740 3746 3763 3791 3796 3799 3804 3806 3817 3829 3846 3847 3850 3853 3862 3872 3879 3880 3888 3893 3899 3903 3919 3924 3925 3926 3933 3943 3969 3971 3973 3979 3983 3992 3999 4000 4001 4013 4020 4045 4048 4049 4052 4062 4065 4070 4074 4081 4102 4114 4119 4125 4130 4131 4132 4133 4144 4146 4147 4150 4163 4164 4175 4177 4186 4187 4200 4209 4213 4214 4226 4250 4262 4263 4268 4272 4276 4289 4296 4297 4301 4306 4307 4319 4320 4324 4328 4335 4337 4340 4341 4342 4343 4345 4353 4365 4371 4375 4383 4406 4410 4426 4427 4437 4438 4439 4449 4451 4470 4472 4473 4484 4488 4491 4503 4516 4519 4526 4542 4544 4548 4549 4571 4575 4577 4581 4590 4594 4598 4601 4602 4609 4619 4631 4645 4648 4657 4660 4663 4666 4687 4688 4689 4692 4698 4699 4702 4715 4718 4720 4723 4729 4751 4754 4756 4763 4766 4781 4782 4783 4789 4794 4795 4799 4800 4804 4811 4813 4824 4828 4831 4834 4841 4842 4846 4847 4857 4864 4874 4880 4881 4887 4888 4894 4901 4907 4914 4916 4927 4929 4934 4939 4942 4945 4948 4953 4965 4966 4968 4973 4975 4987 4994 4995 5000 5003 5015 5020 5024 5038 5049 5050 5051 5081 5089 5099 5102 5121 5122 5128 5129 5138 5150 5160 5163 5171 5173 5182 5186 5204 5208 5214 5219 5220 5226 5240 5255 5256 5257 5258 5261 5263 5267 5271 5297 5305 5306 5311 5315 5317 5327 5339 5342 5344 5346 5359 5360 5363 5369 5382 5389 5390 5391 5407 5409 5427 5428 5438 5440 5443 5447 5448 5449 5468 5470 5480 5482 5487 5501 5505 5509 5510 5511 5515 5520 5521 5526 5530 5535 5539 5545 5554 5563 5566 5567 5576 5585 5594 5602 5603 5606 5607 5608 5611 5616 5618 5623 5624 5625 5627 5628 5641 5649 5650 5659 5660 5665 5670 5676 5677 5687 5690 5702 5706 5710 5711 5713 5714 5735 5736 5753 5757 5762 5783 5789 5790 5793 5828 5832 5835 5839 5840 5843 5847 5853 5860 5876 5885 5887 5891 5892 5894 5898 5901 5902 5912 5953 5968 5970 5971 5989 5990 6000 6002 6032 6046 6051 6059 6064 6066 6069 6074 6083 6091 6122 6132 6151 6157 6160 6161 6169 6177 6178 6180 6192 6196 6202 6217 6232 6247 6248 6249 6251 6255 6284 6285 6289 6302 6306 6323 6327 6342 6347 6348 6362 6363 6376 6377 6379 6382 6383 6400 6408 6409 6418 6423 6424 6436 6439 6441 6451 6460 6465 6466 6468 6473 6491 6502 6504
271 245 220 268 273 276 279 269 318 267 337 339 334 311 294 354 379 365 385 378 377 428 445 435 440 456 470 416 446 461 453 466 465 491 448 497 500 509 520 532 546 514 578 572 536 582 549 624 580 572 615 589 618 615 657 673 660 678 694 680 697 693 687 704 662 705 700 683 718 696 742 733 688 761 722 718 747 764 763 739 776 718 749 742 770 770 782 804 814 822 828 819 868 860 872 891 888 872 908 872 864 895 905 909 904 939 923 933 955 952 962 955 948 972 985 949 1020 1026 1000 1035 1024 1030 1018 1069 1074 1063 1065 1083 1034 1091 1090 1071 1097 1122 1092 1125 1158 1142 1159 1160 1170 1175 1137 1173 1145 1183 1204 1205 1189 1179 1199 1248 1218 1228 1224 1243 1224 1300 1284 1298 1309 1260 1317 1337 1346 1322 1355 1379 1370 1399 1403 1421 1375 1397 1422 1361 1422 1386 1413 1466 1462 1451 1505 1470 1496 1513 1505 1513 1526 1473 1494 1552 1500 1569 1590 1580 1601 1616 1602 1637 1616 1626 1622 1603 1634 1635 1648 1633 1654 1658 1659 1647 1668 1629 1694 1685 1632 1705 1671 1692 1697 1681 1772 1774 1768 1734 1793 1778 1779 1753 1809 1768 1819 1840 1842 1841 1845 1833 1844 1817 1872 1902 1901 1867 1857 1897 1870 1906 1922 1917 1930 1940 1949 1928 1948 1979 2001 1965 2012 2010 2013 2011 1997 2010 2047 2023 2019 2032 2051 2035 2089 2055 2096 2110 2092 2093 2110 2112 2123 2077 2131 2105 2152 2167 2137 2165 2167 2194 2206 2181 2209 2163 2217 2219 2183 2215 2236 2228 2195 2180 2200 2226 2231 2250 2293 2285 2289 2314 2339 2341 2334 2297 2329 2350 2316 2346 2379 2370 2408 2376 2413 2426 2380 2378 2417 2425 2447 2432 2449 2452 2399 2456 2498 2466 2501 2492 2503 2470 2516 2482 2526 2484 2518 2530 2534 2564 2564 2565 2573 2586 2572 2564 2616 2606 2578 2579 2611 2619 2621 2641 2659 2670 2672 2700 2668 2706 2704 2727 2720 2698 2721 2777 2777 2781 2753 2795 2782 2817 2828 2813 2796 2827 2857 2832 2868 2871 2902 2886 2871 2901 2897 2931 2876 2891 2920 2922 2903 2942 2969 3002 2988 2954 2963 2990 2973 3004 3033 2978 3027 3038 3031 2996 3030 3039 3042 3055 3062 3045 3085 3047 3041 3105 3053 3069 3098 3135 3147 3156 3118 3138 3166 3129 3210 3192 3189 3209 3220 3202 3200 3172 3222 3187 3241 3228 3249 3254 3265 3238 3266 3244 3283 3249 3287 3263 3281 3294 3266 3270 3317 3330 3333 3330 3320 3315 3318 3303 3321 3375 3373 3342 3332 3363 3390 3396 3381 3373 3355 3402 3403 3437 3411 3418 3426 3422 3394 3431 3412 3409 3444 3421 3428 3431 3459 3446 3466 3495 3490 3482 3494 3466 3468 3517 3498 3509 3517 3485 3497 3515 3523 3546 3562 3510 3546 3584 3568 3617 3571 3604 3610 3614 3658 3635 3640 3646 3656 3684 3683 3667 3701 3711 3704 3670 3729 3690 3757 3772 3767 3771 3780 3823 3785 3813 3792 3818 3816 3793 3847 3813 3856 3822 3857 3824 3862 3893 3874 3888 3915 3891 3906 3935 3943 3921 3922 3965 3928 3960 3943 3995 3944 3929 3980 4003 3999 3962 4062 4020 4058 4022 4030 4035 4047 4105 4091 4074 4097 4106 4116 4106 4079 4115 4111 4160 4147 4143 4185 4152 4185 4157 4206 4218 4186 4225 4206 4254 4255 4243 4263 4260 4262 4244 4272 4297 4276 4304 4280 4292 4319 4333 4299 4301 4338 4343 4377 4357 4390 4395 4382 4405 4417 4406 4377 4416 4363 4402 4376 4438 4430 4399 4436 4428 4467 4478 4521 4514 4515 4483 4487 4500 4488 4549 4496 4554 4530 4570 4578 4547 4585 4587 4562 4590 4603 4585 4560 4567 4598 4597 4626 4614 4602 4610 4605 4609 4670 4626 4681 4681 4702 4712 4722 4697 4743 4725 4736 4737 4750 4718 4740 4734 4775 4794 4797 4807 4810 4789 4828 4792 4799 4849 4855 4847 4864 4865 4852 4863 4849 4889 4892 4918 4913 4907 4918 4958 4931 4904 4910 4942 4952 4945 4959 4917 4944 4976 4973 5022 5003 4983 5015 4981 5040 5026 5042 5041 5057 5022 5070 5049 5022 5070 5084 5073 5080 5055 5033 5040 5086 5099 5090 5075 5091 5137 5129 5152 5139 5115 5138 5164 5122 5177 5143 5171 5156 5187 5202 5203 5194 5192 5171 5218 5227 5183 5232 5218 5205 5221 5258 5199 5252 5276 5219 5277 5290 5302 5274 5310 5330 5352 5358 5346 5365 5337 5381 5372 5362 5394 5404 5424 5430 5422 5425 5439 5428 5435 5438 5443 5491 5497 5464 5454 5517 5472 5502 5505 5507 5526 5515 5541 5566 5559 5510 5576 5566 5551 5610 5586 5571 5617 5586 5575 5587 5587 5600 5633 5634 5609 5668 5633 5642 5681 5662 5692 5696 5671 5711 5667 5667 5729 5704 5726 5731 5764 5757 5733 5737 5754 5733 5772 5773 5753 5801 5753 5791 5806 5797 5824 5790 5826 5847 5838 5846 5861 5802 5850 5870 5807 5835 5887 5836 5841 5851 5840 5898 5855 5840 5893 5877 5918 5875 5936 5933 5928 5921 5958 5961 5929 5959 5971 5972 5940 5975 5962 5954 5980 6001 6006 5998 6050 6034 6045 6080 6076 6078 6098 6099 6042 6099 6052 6104 6129 6156 6136 6143 6136 6093 6113 6128 6163 6175 6168 6167 6219 6214 6213 6233 6215 6226 6259 6295 6310 6330 6327 6290 6313 6292 6298 6309 6349 6331 6366 6409 6412 6410 6387 6448 6439 6433 6451 6467 6465 6469 6476 6496 6509 6501 6500 6516 6536 6548 6533 6563 6533 6582 6590 6557 6599 6611 6614 6562 6603 6604 6638 6643 6610 6644 6632 6672 6681 6622 6683 6680 6657 6685 6694 6712 6664 6718 6720 6722 6744 6765 6722
