20 4 16
4 5 4 3
30 17 11 45 39 35 12 23 18 42 24 37 10 26 36 24
25 10 43 35 49 25 19 29 22 47 33 49 38 47 21 23
45 11 46 28 38 48 32 21 37 24 20 23 16 44 24 28
21 26 27 41 41 37 44 43 25 48 42 50 47 10 46 31
15 44 17 27 49 16 13 22 34 21 19 41 47 23 17 11
15 27 48 28 18 11 50 42 10 40 23 22 42 18 22 32
38 49 28 18 43 39 28 45 36 41 17 16 38 18 46 42
41 17 34 29 40 22 47 31 18 34 41 41 35 23 38 19
48 24 39 50 16 29 18 41 21 12 30 38 30 17 41 17
44 40 10 50 44 12 33 32 23 29 27 12 46 47 30 36
12 27 13 12 11 48 29 35 13 10 11 40 20 31 49 31
21 40 36 50 24 37 29 45 28 11 19 18 50 28 22 16
33 14 28 13 36 50 33 22 27 49 16 14 18 28 19 22
23 16 23 37 33 10 10 40 35 17 25 22 28 13 12 30
39 45 49 25 22 30 44 30 27 45 27 32 48 29 38 33
21 13 29 41 37 26 32 32 31 35 41 16 12 44 17 47
36 49 33 20 12 33 27 46 37 43 36 32 48 15 28 14
44 14 31 32 25 27 17 44 13 44 40 49 13 11 46 45
36 23 38 22 17 37 44 41 18 11 20 47 29 44 19 18
38 32 36 50 36 34 41 39 30 33 38 32 43 13 20 31
1 2 3 4 5 6 7 8 9 10 11 12 13 14 15 16 17 18 19 20 21 22 23 24 25 26 27 28 29 30 31 32 33 34 35 36 37 38 39 40 41 42 43 44 45 46 47 48 49 50 51 52 53 54 55 56 57 58 59 60 61 62 63 64 65 66 67 68 69 70 71 72 73 74 75 76 77 78 79 80 81 82 83 84 85 86 87 88 89 90 91 92 93 94 95 96 97 98 99 100 101 102 103 104 105 106 107 108 109 110 111 112 113 114 115 116 117 118 119 120 121 122 123 124 125 126 127 128 129 130 131 132 133 134 135 136 137 138 139 140 141 142 143 144 145 146 147 148 149 150 151 152 153 154 155 156 157 158 159 160 161 162 163 164 165 166 167 168 169 170 171 172 173 174 175 176 177 178 179 180 181 182 183 184 185 186 187 188 189 190 191 192 193 194 195 196 197 198 199 200 201 202 203 204 205 206 207 208 209 210 211 212 213 214 215 216 217 218 219 220 221 222 223 224 225 226 227 228 229 230 231 232 233 234 235 236 237 238 239 240 241 242 243 244 245 246 247 248 249 250 251 252 253 254 255 256 257 258 259 260 261 262 263 264 265 266 267 268 269 270 271 272 273 274 275 276 277 278 279 280 281 282 283 284 285 286 287 288 289 290 291 292 293 294 295 296 297 298 299 300 301 302 303 304 305 306 307 308 309 310 311 312 313 314 315 316 317 318 319 320 321 322 323 324 325 326 327 328 329 330 331 332 333 334 335 336 337 338 339 340 341 342 343 344 345 346 347 348 349 350 351 352 353 354 355 356 357 358 359 360 361 362 363 364 365 366 367 368 369 370 371 372 373 374 375 376 377 378 379 380 381 382 383 384 385 386 387 388 389 390 391 392 393 394 395 396 397 398 399 400 401 402 403 404 405 406 407 408 409 410 411 412 413 414 415 416 417 418 419 420 421 422 423 424 425 426 427 428 429 430 431 432 433 434 435 436 437 438 439 440 441 442 443 444 445 446 447 448 449 450 451 452 453 454 455 456 457 458 459 460 461 462 463 464 465 466 467 468 469 470 471 472 473 474 475 476 477 478 479 480 481 482 483 484 485 486 487 488 489 490 491 492 493 494 495 496 497 498 499 500 501 502 503 504 505 506 507 508 509 510 511 512 513 514 515 516 517 518 519 520 521 522 523 524 525 526 527 528 529 530 531 532 533 534 535 536 537 538 539 540 541 542 543 544 545 546 547 548 549 550 551 552 553 554 555 556 557 558 559 560 561 562 563 564 565 566 567 568 569 570 571 572 573 574 575 576 577 578 579 580 581 582 583 584 585 586 587 588 589 590 591 592 593 594 595 596 597 598 599 600 601 602 603 604 605 606 607 608 609 610 611 612 613 614 615 616 617 618 619 620 621 622 623 624 625 626 627 628 629 630 631 632 633 634 635 636 637 638 639 640 641 642 643 644 645 646 647 648 649 650 651 652 653 654 655 656 657 658 659 660 661 662 663 664 665 666 667 668 669 670 671 672 673 674 675 676 677 678 679 680 681 682 683 684 685 686 687 688 689 690 691 692 693 694 695 696 697 698 699 700 701 702 703 704 705 706 707 708 709 710 711 712 713 714 715 716 717 718 719 720 721 722 723 724 725 726 727 728 729 730 731 732 733 734 735 736 737 738 739 740 741 742 743 744 745 746 747 748 749 750 751 752 753 754 755 756 757 758 759 760 761 762 763 764 765 766 767 768 769 770 771 772 773 774 775 776 777 778 779 780 781 782 783 784 785 786 787 788 789 790 791 792 793 794 795 796 797 798 799 800 801 802 803 804 805 806 807 808 809 810 811 812 813 814 815 816 817 818 819 820 821 822 823 824 825 826 827 828 829 830 831 832 833 834 835 836 837 838 839 840 841 842 843 844 845 846 847 848 849 850 851 852 853 854 855 856 857 858 859 860 861 862 863 864 865 866 867 868 869 870 871 872 873 874 875 876 877 878 879 880 881 882 883 884 885 886 887 888 889 890 891 892 893 894 895 896 897 898 899 900 901 902 903 904 905 906 907 908 909 910 911 912 913 914 915 916 917 918 919 920 921 922 923 924 925 926 927 928 929 930 931 932 933 934 935 936 937 938 939 940 941 942 943 944 945 946 947 948 949 950 951 952 953 954 955 956 957 958 959 960 961 962 963 964 965 966 967 968 969 970 971 972 973 974 975 976 977 978 979 980 981 982 983 984 985 986 987 988 989 990 991 992 993 994 995 996 997 998 999 1000 1001 1002 1003 1004 1005 1006 1007 1008 1009 1010 1011 1012 1013 1014 1015 1016 1017 1018 1019 1020 1021 1022 1023 1024 1025 1026 1027 1028 1029 1030 1031 1032 1033 1034 1035 1036 1037 1038 1039 1040 1041 1042 1043 1044 1045 1046 1047 1048 1049 1050 1051 1052 1053 1054 1055 1056 1057 1058 1059 1060 1061 1062 1063 1064 1065 1066 1067 1068 1069 1070 1071 1072 1073 1074 1075 1076 1077 1078 1079 1080 1081 1082 1083 1084 1085 1086 1087 1088 1089 1090 1091 1092 1093 1094 1095 1096 1097 1098 1099 1100 1101 1102 1103 1104 1105 1106 1107 1108 1109 1110 1111 1112 1113 1114 1115 1116 1117 1118 1119 1120 1121 1122 1123 1124 1125 1126 1127 1128 1129 1130 1131 1132 1133 1134 1135 1136 1137 1138 1139 1140 1141 1142 1143 1144 1145 1146 1147 1148 1149 1150 1151 1152 1153 1154 1155 1156 1157 1158 1159 1160 1161 1162 1163 1164 1165 1166 1167 1168 1169 1170 1171 1172 1173 1174 1175 1176 1177 1178 1179 1180 1181 1182 1183 1184 1185 1186 1187 1188 1189 1190 1191 1192 1193 1194 1195 1196 1197 1198 1199 1200 1201 1202 1203 1204 1205 1206 1207 1208 1209 1210 1211 1212 1213 1214 1215 1216 1217 1218 1219 1220 1221 1222 1223 1224 1225 1226 1227 1228 1229 1230 1231 1232 1233 1234 1235 1236 1237 1238 1239 1240 1241 1242 1243 1244 1245 1246 1247 1248 1249 1250 1251 1252 1253 1254 1255 1256 1257 1258 1259 1260 1261 1262 1263 1264 1265 1266 1267 1268 1269 1270 1271 1272 1273 1274 1275 1276 1277 1278 1279 1280 1281 1282 1283 1284 1285 1286 1287 1288 1289 1290 1291 1292 1293 1294 1295 1296 1297 1298 1299 1300 1301 1302 1303 1304 1305 1306 1307 1308 1309 1310 1311 1312 1313 1314 1315 1316 1317 1318 1319 1320 1321 1322 1323 1324 1325 1326 1327 1328 1329 1330 1331 1332 1333 1334 1335 1336 1337 1338 1339 1340 1341 1342 1343 1344 1345 1346 1347 1348 1349 1350 1351 1352 1353 1354 1355 1356 1357 1358 1359 1360 1361 1362 1363 1364 1365 1366 1367 1368 1369 1370 1371 1372 1373 1374 1375 1376 1377 1378 1379 1380 1381 1382 1383 1384 1385 1386 1387 1388 1389 1390 1391 1392 1393 1394 1395 1396 1397 1398 1399 1400 1401 1402 1403 1404 1405 1406 1407 1408 1409 1410 1411 1412 1413 1414 1415 1416 1417 1418 1419 1420 1421 1422 1423 1424 1425 1426 1427 1428 1429 1430 1431 1432 1433 1434 1435 1436 1437 1438 1439 1440 1441 1442 1443 1444 1445 1446 1447 1448 1449 1450 1451 1452 1453 1454 1455 1456 1457 1458 1459 1460 1461 1462 1463 1464 1465 1466 1467 1468 1469 1470 1471 1472 1473 1474 1475 1476 1477 1478 1479 1480 1481 1482 1483 1484 1485 1486 1487 1488 1489 1490 1491 1492 1493 1494 1495 1496 1497 1498 1499 1500 1501 1502 1503 1504 1505 1506 1507 1508 1509 1510 1511 1512 1513 1514 1515 1516 1517 1518 1519 1520 1521 1522 1523 1524 1525 1526 1527 1528 1529 1530 1531 1532 1533 1534 1535 1536 1537 1538 1539 1540 1541 1542 1543 1544 1545 1546 1547 1548 1549 1550 1551 1552 1553 1554 1555 1556 1557 1558 1559 1560 1561 1562 1563 1564 1565 1566 1567 1568 1569 1570 1571 1572 1573 1574 1575 1576 1577 1578 1579 1580 1581 1582 1583 1584 1585 1586 1587 1588 1589 1590 1591 1592 1593 1594 1595 1596 1597 1598 1599 1600 1601 1602 1603 1604 1605 1606 1607 1608 1609 1610 1611 1612 1613 1614 1615 1616 1617 1618 1619 1620 1621 1622 1623 1624 1625 1626 1627 1628 1629 1630 1631 1632 1633 1634 1635 1636 1637 1638 1639 1640 1641 1642 1643 1644 1645 1646 1647 1648 1649 1650 1651 1652 1653 1654 1655 1656 1657 1658 1659 1660 1661 1662 1663 1664 1665 1666 1667 1668 1669 1670 1671 1672 1673 1674 1675 1676 1677 1678 1679 1680 1681 1682 1683 1684 1685 1686 1687 1688 1689 1690 1691 1692 1693 1694 1695 1696 1697 1698 1699 1700 1701 1702 1703 1704 1705 1706 1707 1708 1709 1710 1711 1712 1713 1714 1715 1716 1717 1718 1719 1720 1721 1722 1723 1724 1725 1726 1727 1728 1729 1730 1731 1732 1733 1734 1735 1736 1737 1738 1739 1740 1741 1742 1743 1744 1745 1746 1747 1748 1749 1750 1751 1752 1753 1754 1755 1756 1757 1758 1759 1760 1761 1762 1763 1764 1765 1766 1767 1768 1769 1770 1771 1772 1773 1774 1775 1776 1777 1778 1779 1780 1781 1782 1783 1784 1785 1786 1787 1788 1789 1790 1791 1792 1793 1794 1795 1796 1797 1798 1799 1800 1801 1802 1803 1804 1805 1806 1807 1808 1809 1810 1811 1812 1813 1814 1815 1816 1817 1818 1819 1820 1821 1822 1823 1824 1825 1826 1827 1828 1829 1830 1831 1832 1833 1834 1835 1836 1837 1838 1839 1840 1841 1842 1843 1844 1845 1846 1847 1848 1849 1850 1851 1852 1853 1854 1855 1856 1857 1858 1859 1860 1861 1862 1863 1864 1865 1866 1867 1868 1869 1870 1871 1872 1873 1874 1875 1876 1877 1878 1879 1880 1881 1882 1883 1884 1885 1886 1887 1888 1889 1890 1891 1892 1893 1894 1895 1896 1897 1898 1899 1900 1901 1902 1903 1904 1905 1906 1907 1908 1909 1910 1911 1912 1913 1914 1915 1916 1917 1918 1919 1920 1921 1922 1923 1924 1925 1926 1927 1928 1929 1930 1931 1932 1933 1934 1935 1936 1937 1938 1939 1940 1941 1942 1943 1944 1945 1946 1947 1948 1949 1950 1951 1952 1953 1954 1955 1956 1957 1958 1959 1960 1961 1962 1963 1964 1965 1966 1967 1968 1969 1970 1971 1972 1973 1974 1975 1976 1977 1978 1979 1980 1981 1982 1983 1984 1985 1986 1987 1988 1989 1990 1991 1992 1993 1994 1995 1996 1997 1998 1999 2000
18 19 8 11 7 18 11 12 18 14 15 0 7 10 10 8 14 2 0 17 17 3 19 8 13 5 1 15 8 3 13 0 1 12 3 8 1 17 17 17 2 12 14 8 18 4 18 6 15 1 7 1 18 2 19 6 7 1 0 19 2 15 6 3 19 1 12 4 6 18 1 8 3 11 1 11 10 10 19 7 1 3 10 4 0 9 3 11 14 9 19 10 3 13 7 3 18 4 15 5 10 18 17 3 12 16 5 18 10 4 5 3 3 0 10 14 5 3 17 11 16 9 16 11 10 15 4 1 1 12 14 5 4 4 12 15 13 1 1 9 5 14 19 9 17 14 3 10 6 9 3 13 14 12 10 4 13 10 17 6 17 19 11 16 7 2 9 10 19 3 3 11 16 7 2 4 2 13 19 13 1 15 16 15 11 2 7 11 19 17 12 8 9 19 7 8 1 16 16 15 1 9 7 19 14 3 10 10 18 16 6 15 1 1 0 13 12 14 5 9 19 12 18 18 1 14 14 18 18 15 19 16 18 6 11 13 2 5 17 9 16 16 5 3 17 16 8 10 14 19 11 7 11 8 4 5 11 5 1 16 5 12 4 12 11 4 2 12 19 16 6 6 2 15 5 4 18 5 10 2 1 15 10 2 7 1 18 6 0 4 16 4 19 16 15 2 8 10 11 7 8 17 0 8 2 11 18 12 7 16 1 19 4 15 6 17 0 12 0 3 15 9 2 17 16 3 12 9 8 8 0 5 11 7 18 2 2 7 13 11 10 11 12 0 15 18 8 19 6 18 7 1 7 9 13 14 9 17 2 10 3 5 18 8 10 16 1 3 10 12 18 19 5 8 12 0 9 18 17 14 8 0 3 12 0 2 1 12 16 6 6 6 11 6 6 3 7 18 8 13 4 15 13 3 3 16 0 15 17 16 7 14 19 11 12 5 16 19 14 3 4 8 15 3 16 17 12 18 11 4 11 12 18 17 2 10 12 2 6 2 6 10 15 13 12 1 10 2 12 0 5 5 0 10 1 0 6 16 0 5 0 8 2 18 13 19 12 7 15 9 0 17 7 7 11 14 2 3 8 2 3 11 19 2 5 4 19 16 16 16 12 8 13 15 8 1 0 17 3 2 3 0 13 2 14 17 9 2 5 11 13 16 11 7 2 17 10 12 15 19 9 19 13 12 14 11 13 8 13 17 3 18 7 0 1 2 5 9 14 12 14 13 8 4 16 6 15 1 1 16 16 18 4 17 7 1 9 4 10 6 2 7 8 0 1 12 9 11 15 12 1 7 17 16 1 15 15 6 11 0 4 4 14 11 4 0 1 3 7 5 3 9 16 13 11 10 4 5 6 15 12 12 16 19 9 17 1 13 9 7 17 8 14 14 0 15 2 16 2 11 7 16 14 10 17 17 6 8 17 7 12 6 9 5 14 4 1 7 17 9 12 4 10 8 3 3 17 6 8 17 6 7 14 14 18 12 17 11 11 4 11 11 1 13 18 14 11 4 13 5 0 14 3 8 2 14 13 16 0 16 3 15 6 2 1 0 8 17 4 13 5 14 3 12 2 17 3 9 14 2 15 4 1 8 10 9 9 11 5 9 17 4 8 8 9 11 11 17 4 6 14 4 4 18 13 3 10 14 15 11 10 15 16 12 11 7 9 3 7 6 8 8 15 11 10 16 6 3 2 1 8 6 10 11 8 11 15 1 12 16 16 7 12 8 16 15 14 5 16 14 10 16 3 12 18 4 0 0 19 16 11 16 10 2 12 4 18 2 7 8 18 15 3 7 8 13 4 8 18 0 9 9 5 11 13 16 15 4 2 13 16 6 11 15 17 12 14 4 14 14 3 14 12 9 0 0 0 14 1 10 5 9 1 13 2 6 1 12 6 4 19 6 0 15 9 7 8 4 0 14 13 3 13 17 1 15 8 16 17 18 14 3 19 18 2 6 8 19 3 4 13 19 6 3 9 3 8 13 15 2 16 10 16 1 19 8 15 9 11 11 13 6 17 8 7 9 3 8 5 14 2 1 19 3 5 17 10 19 16 10 2 6 14 16 3 9 9 2 8 1 12 11 13 2 3 14 11 12 8 13 12 18 0 5 0 18 9 10 9 9 16 13 12 10 7 17 17 10 2 7 12 5 18 1 0 0 12 9 13 4 16 9 8 2 9 16 8 12 18 16 9 8 0 19 3 10 9 17 3 4 16 7 3 3 16 0 17 3 13 5 18 12 17 15 8 9 2 17 13 3 7 9 6 1 0 15 19 6 4 1 15 11 15 13 12 12 9 13 18 1 1 7 12 10 5 16 8 18 6 10 15 17 18 9 1 6 6 2 8 17 3 5 3 19 10 14 5 3 14 10 6 14 3 3 18 12 19 12 16 3 1 6 12 10 15 19 8 13 2 19 7 0 2 3 6 1 10 6 2 14 13 14 12 13 5 14 9 11 16 8 1 8 3 12 3 8 11 17 15 15 0 17 2 17 17 5 4 15 12 14 12 4 16 12 9 6 12 17 13 8 5 2 14 10 0 5 19 11 2 19 10 15 15 5 8 3 9 13 0 17 6 1 16 6 8 10 0 14 2 5 6 15 14 2 14 2 10 12 1 6 8 19 7 8 17 19 17 17 13 15 9 14 3 19 5 4 11 16 4 16 8 19 15 11 6 9 16 5 9 12 7 19 8 5 14 16 9 3 18 15 7 11 1 11 0 11 7 0 19 19 15 7 3 2 10 10 19 14 7 4 3 12 14 6 2 7 12 1 13 19 19 11 6 10 3 14 9 15 17 1 6 14 17 12 6 4 1 17 14 8 12 19 18 15 9 12 1 18 10 8 11 2 19 14 9 11 7 3 9 8 1 13 5 7 5 16 18 19 18 2 7 5 17 9 0 9 1 17 9 7 5 15 1 5 12 13 14 12 6 6 15 5 1 19 4 18 19 7 9 6 6 13 1 4 13 2 8 9 18 16 19 17 12 12 12 18 8 7 8 10 12 0 13 6 9 3 15 1 1 0 2 3 15 19 4 12 18 6 7 17 2 8 13 16 7 6 0 2 0 8 7 0 16 11 3 1 15 17 16 19 8 0 11 2 3 19 0 17 2 8 5 4 1 16 15 4 2 8 7 14 1 6 16 8 11 14 5 15 14 16 8 14 13 11 10 15 18 1 8 15 3 10 0 6 10 16 5 19 2 17 15 15 15 8 1 8 9 2 4 12 14 5 13 14 0 9 11 11 2 15 5 5 15 2 5 14 6 13 0 15 5 3 18 2 18 18 16 8 6 11 5 9 6 10 17 19 6 19 6 16 3 13 2 4 17 16 5 0 7 15 13 9 11 9 13 17 19 8 19 19 8 11 13 2 4 10 1 0 4 7 2 8 19 14 11 17 10 17 17 11 19 19 4 9 2 13 4 5 10 13 8 13 17 12 2 18 1 1 2 6 18 5 4 3 2 12 7 18 19 4 18 5 18 8 0 6 18 2 10 12 3 0 14 2 9 1 12 3 11 15 10 11 0 2 7 6 19 10 5 4 3 0 12 18 15 9 13 15 14 17 4 4 13 17 5 10 7 19 15 19 2 15 3 3 3 18 18 3 14 19 2 9 2 1 7 9 6 11 13 6 14 7 8 11 7 9 1 17 4 16 18 15 14 14 2 13 5 14 3 0 2 6 7 11 9 8 13 13 16 9 8 9 7 7 19 10 7 18 11 1 19 6 2 6 16 19 2 6 15 17 9 16 10 12 6 9 12 3 3 5 9 15 19 10 0 1 11 3 1 6 3 11 10 19 8 19 18 6 17 5 19 2 18 19 14 0 16 3 4 14 15 4 9 8 19 12 4 2 15 11 12 9 11 1 16 7 9 18 1 14 12 0 7 16 4 18 16 13 2 17 16 2 14 6 17 16 18 7 12 5 15 5 13 16 13 17 12 13 4 15 3 1 10 3 8 9 8 16 16 10 12 0 8 7 10 14 7 10 5 16 6 18 16 7 4 2 12 7 14 5 1 15 8 10 3 9 19 19 18 19 7 8 3 0 3 11 14 18 15 2 13 19 14 7 12 13 14 7 1 7 6 3 15 13 17 4 18 13 7 12 2 4 7 7 10 19 2 11 8 4 11 0 14 4 2 2 10 7 18 16 15 5 8 15 15 7 15 4 2 17 15 12 6 6 12 6 11 6 5 16 5 7 2 8 6 19 10 9 10 10 15 8 3 15 10 11 4 19 9 15 15 5 17 8 13 14 8 7 1 13 18 18 5 13 11 5 14 2 8 9 10 12 15 18 11 13 11 10 8 17 6 6 7 15 8 0 14 15 10 13 13 15 5 11 3 15 10 14 0 10 11 9 16 15 3 10 3 13 19 8 2 13 17 18 15 7 18 4 17 11 5 5 8 13 13 8 1 2 8 9 2 16 10 8 13 5 8 12 9 11 12 16 12 3 16 10 2 1 14 8 11 19 2 7 0 1 17 2 2 7 19 19 10 12 9 2 0 16 2 15
10 23 31 33 48 54 63 88 109 126 131 136 140 163 170 171 172 176 177 182 183 195 203 208 220 225 226 235 238 239 240 243 244 246 249 257 269 287 293 302 311 314 320 321 323 327 331 336 338 341 342 354 356 364 365 372 373 378 379 380 388 398 407 413 426 427 429 435 451 464 465 467 472 483 486 494 511 547 548 549 550 551 553 558 576 581 591 600 604 607 615 628 630 637 650 651 655 661 662 664 680 683 689 690 692 695 696 697 701 708 725 726 729 732 738 743 770 771 775 777 779 807 809 810 812 815 816 817 824 831 833 834 835 842 855 857 862 874 878 879 907 918 921 925 927 931 940 941 948 958 964 965 976 984 987 988 993 999 1001 1011 1022 1026 1035 1037 1038 1039 1045 1046 1052 1053 1055 1060 1064 1067 1068 1071 1073 1077 1083 1084 1089 1099 1103 1107 1110 1112 1116 1118 1119 1130 1131 1147 1149 1150 1153 1159 1160 1172 1174 1183 1196 1204 1205 1212 1213 1227 1230 1231 1235 1243 1254 1257 1269 1273 1284 1290 1296 1304 1306 1314 1339 1353 1356 1357 1360 1361 1365 1379 1387 1395 1396 1399 1408 1412 1417 1418 1422 1426 1431 1439 1440 1449 1452 1456 1467 1469 1470 1473 1477 1491 1495 1504 1511 1515 1522 1546 1550 1555 1562 1563 1564 1572 1582 1585 1587 1592 1594 1595 1599 1616 1621 1624 1625 1631 1634 1635 1636 1637 1638 1656 1673 1675 1690 1702 1730 1732 1733 1735 1739 1742 1743 1746 1747 1753 1755 1756 1766 1769 1786 1800 1801 1805 1806 1809 1818 1819 1820 1828 1841 1854 1857 1866 1869 1870 1878 1880 1887 1890 1895 1897 1898 1899 1900 1904 1910 1918 1926 1928 1933 1946 1958 1959 1960 1988 1989 1991 1992 1993 1995 2001 2006 2009 2046 2053 2069 2072 2073 2075 2076 2085 2086 2089 2101 2119 2125 2132 2138 2142 2144 2159 2163 2169 2170 2172 2182 2198 2199 2200 2205 2216 2230 2233 2239 2242 2256 2257 2258 2263 2266 2269 2274 2303 2304 2309 2327 2328 2330 2341 2343 2349 2358 2362 2370 2372 2380 2383 2384 2386 2387 2388 2404 2412 2414 2417 2426 2427 2429 2432 2441 2443 2449 2451 2466 2472 2482 2484 2487 2490 2502 2504 2506 2517 2538 2550 2556 2565 2567 2577 2588 2598 2602 2603 2606 2612 2619 2623 2628 2634 2651 2654 2659 2669 2675 2677 2696 2701 2705 2706 2707 2713 2714 2719 2720 2748 2752 2754 2760 2762 2783 2785 2795 2804 2807 2808 2810 2817 2818 2819 2820 2825 2833 2848 2849 2852 2858 2860 2861 2868 2871 2872 2891 2892 2893 2895 2900 2901 2907 2911 2918 2925 2932 2936 2954 2970 2971 3005 3008 3019 3028 3030 3033 3034 3036 3038 3047 3049 3065 3076 3077 3079 3080 3082 3102 3112 3121 3127 3133 3136 3137 3138 3145 3146 3158 3159 3169 3171 3177 3178 3183 3185 3186 3205 3213 3214 3215 3223 3225 3226 3230 3233 3245 3257 3261 3262 3268 3274 3277 3278 3281 3282 3289 3290 3292 3293 3294 3295 3296 3303 3309 3312 3313 3316 3356 3373 3381 3384 3396 3405 3410 3424 3433 3438 3460 3462 3464 3465 3469 3475 3487 3492 3499 3500 3502 3503 3512 3515 3527 3532 3540 3546 3559 3560 3564 3565 3567 3583 3584 3588 3595 3605 3620 3621 3630 3639 3640 3646 3659 3664 3672 3678 3681 3687 3689 3696 3704 3710 3725 3736 3747 3751 3755 3771 3772 3779 3781 3782 3788 3791 3792 3801 3814 3831 3832 3839 3842 3848 3860 3861 3864 3865 3878 3884 3893 3897 3906 3907 3917 3922 3923 3926 3929 3931 3932 3933 3944 3953 3954 3978 3996 3997 3998 4007 4008 4015 4024 4027 4030 4050 4055 4058 4065 4066 4071 4077 4078 4098 4104 4141 4143 4147 4149 4163 4165 4180 4184 4186 4200 4202 4203 4206 4207 4212 4219 4222 4227 4229 4253 4254 4259 4260 4261 4268 4278 4293 4314 4322 4323 4329 4361 4362 4387 4389 4399 4406 4409 4413 4432 4435 4442 4452 4462 4467 4473 4474 4476 4478 4484 4488 4495 4511 4512 4515 4538 4547 4550 4574 4575 4584 4600 4601 4602 4611 4618 4619 4622 4626 4637 4642 4649 4651 4655 4656 4658 4681 4682 4690 4694 4703 4718 4723 4740 4741 4753 4760 4763 4775 4783 4786 4788 4795 4803 4806 4810 4823 4849 4850 4860 4862 4873 4875 4885 4911 4927 4931 4932 4936 4939 4958 4962 4970 4971 4977 4978 4982 4987 4988 4993 5001 5008 5009 5021 5022 5023 5027 5031 5045 5056 5069 5080 5086 5109 5112 5114 5125 5126 5127 5129 5133 5134 5137 5138 5146 5148 5156 5162 5163 5164 5166 5170 5171 5188 5195 5199 5204 5230 5231 5257 5261 5278 5285 5292 5293 5303 5306 5315 5328 5331 5351 5352 5358 5364 5365 5369 5370 5371 5374 5376 5377 5388 5390 5406 5413 5417 5443 5457 5467 5471 5472 5474 5476 5477 5481 5483 5485 5523 5544 5550 5555 5556 5561 5563 5566 5567 5579 5582 5583 5584 5590 5591 5596 5603 5612 5617 5619 5626 5637 5638 5642 5646 5647 5648 5668 5672 5680 5689 5692 5700 5711 5720 5737 5743 5748 5762 5772 5791 5793 5813 5832 5835 5843 5849 5863 5869 5870 5871 5878 5880 5888 5891 5893 5917 5918 5931 5932 5944 5957 5963 5964 5974 5980 5984 5996 5997 6004 6011 6015 6020 6031 6051 6065 6066 6077 6078 6100 6104 6105 6112 6113 6115 6127 6134 6162 6164 6169 6179 6187 6193 6194 6196 6199 6206 6218 6220 6227 6230 6233 6241 6252 6259 6262 6275 6276 6278 6293 6298 6315 6319 6367 6390 6401 6411 6416 6420 6421 6449 6465 6472 6488 6498 6500 6503 6516 6524 6525 6541 6542 6545 6556 6564 6565 6568 6571 6573 6619 6627 6659 6663 6666 6684 6686 6688 6690 6697 6699 6705 6710 6727 6733 6735 6743 6747 6757 6776 6784 6785 6813 6815 6827 6846 6850 6856 6858 6860 6874 6887 6896 6903 6904 6905 6906 6910 6913 6914 6915 6923 6931 6932 6934 6939 6945 6950 6952 6955 6956 6958 6962 6964 6965 6973 6974 6976 6987 6990 6993 6994 6995 7010 7018 7020 7022 7028 7030 7031 7035 7036 7038 7041 7057 7060 7070 7075 7080 7082 7088 7092 7097 7099 7107 7109 7110 7111 7117 7118 7120 7123 7132 7137 7138 7139 7145 7146 7148 7152 7156 7164 7167 7168 7172 7174 7175 7177 7187 7215 7235 7244 7251 7253 7273 7291 7299 7300 7302 7303 7311 7313 7314 7328 7331 7339 7340 7341 7342 7350 7366 7374 7376 7383 7397 7401 7402 7409 7411 7412 7413 7425 7426 7434 7435 7437 7440 7446 7451 7455 7457 7474 7478 7487 7502 7503 7505 7521 7524 7531 7538 7550 7561 7572 7576 7589 7593 7615 7628 7631 7634 7636 7639 7642 7646 7652 7666 7667 7668 7682 7697 7702 7712 7716 7734 7740 7749 7750 7754 7755 7756 7766 7770 7777 7783 7792 7801 7812 7817 7819 7820 7823 7826 7828 7829 7850 7854 7862 7868 7878 7886 7891 7897 7907 7908 7913 7916 7926 7930 7931 7942 7944 7947 7954 7955 7958 7961 7965 7966 7971 7974 7983 7986 7987 7998 8006 8012 8014 8024 8037 8040 8048 8068 8080 8084 8099 8122 8130 8132 8134 8175 8177 8183 8195 8196 8198 8202 8204 8212 8214 8217 8218 8222 8224 8233 8238 8258 8264 8265 8271 8287 8295 8296 8297 8300 8301 8314 8316 8323 8325 8332 8342 8354 8367 8372 8377 8378 8386 8405 8408 8410 8416 8430 8431 8447 8453 8465 8470 8472 8473 8483 8487 8498 8500 8504 8510 8533 8570 8571 8586 8595 8597 8601 8604 8607 8610 8623 8638 8640 8641 8642 8643 8648 8649 8650 8654 8661 8669 8670 8672 8689 8702 8707 8708 8714 8730 8731 8738 8739 8741 8742 8744 8751 8754 8756 8769 8775 8776 8777 8781 8788 8790 8794 8814 8815 8821 8822 8824 8830 8847 8857 8867 8868 8869 8882 8888 8892 8893 8904 8907 8910 8922 8930 8936 8947 8956 8957 8969 8970 8973 8980 8982 9001 9019 9025 9029 9042 9044 9049 9050 9052 9053 9062 9083 9084 9102 9107 9122 9125 9133 9134 9144 9150 9164 9167 9175 9189 9190 9207 9209 9210 9211 9220 9224 9230 9243 9254 9256 9267 9269 9270 9272 9283 9292 9301 9303 9305 9321 9341 9342 9343 9379 9382 9390 9393 9395 9405 9411 9424 9433 9436 9445 9463 9475 9476 9479 9490 9491 9493 9515 9518 9524 9530 9532 9533 9543 9546 9560 9566 9580 9585 9595 9597 9598 9603 9622 9626 9628 9636 9641 9662 9671 9675 9688 9696 9711 9729 9736 9747 9748 9752 9754 9756 9761 9771 9784 9788 9799 9805 9820 9832 9848 9858 9871 9875 9877 9884 9886 9887 9888 9890 9910 9927 9930 9940 9945 9946 9949 9957 9958 9965 9967 9982 9983 10000 10001 10008 10010 10030 10031 10034 10036 10042 10044 10055 10057 10059 10061 10065 10071 10080 10081 10082 10083 10085 10086 10098 10105 10107 10133 10136 10138 10147 10160 10161 10163 10164 10170 10171 10174 10184 10190 10196 10198 10200 10207 10209 10230 10239 10240 10241 10242 10243 10250 10252 10257 10259 10260 10261 10268 10269 10281 10289 10293 10302 10311 10313 10319 10327 10329 10352 10364 10367 10377 10378 10384 10385 10392 10394 10415 10419 10426 10427 10434 10450 10454 10455 10458 10463 10468 10485 10489 10490 10493 10507 10509 10522 10523 10524 10526 10527 10536 10539 10551 10554 10555 10569 10579 10589 10590 10596 10600 10601 10606 10607 10608 10610 10614 10620 10627 10629 10640 10670 10679 10680 10682 10730 10736 10739 10748 10750 10766 10768 10769 10777 10780 10786 10796 10803 10811 10833 10841 10842 10850 10851 10863 10864 10865 10870 10876 10877 10884 10887 10889 10902 10914 10915 10918 10926 10932 10938 10939 10940 10941 10944 10948 10951 10959 10961 10962 10974 10983 10987 10994 11015 11019 11021 11022 11025 11028 11036 11037 11052 11060 11107 11113 11118 11130 11134 11135 11136 11138 11151 11154 11164 11177 11178 11182 11193 11214 11218 11230 11235 11247 11248 11250 11262 11264 11270 11273 11274 11278 11282 11291 11293 11297 11319 11333 11335 11340 11341 11349 11353 11360 11363 11368 11375 11379 11386 11396 11406 11408 11413 11415 11419 11428 11438 11440 11445 11454 11461 11464 11467 11468 11470 11471 11484 11498 11499 11504 11511 11513 11538 11550 11563 11586 11589 11611 11620 11621 11639 11640 11646 11658 11660 11666 11678 11702 11721 11738 11759 11762 11795 11796 11799 11804 11806 11811 11822 11828 11832 11837 11841 11849 11852 11857 11861 11863 11866 11868 11869 11873 11876 11891 11892 11899 11900 11902 11905 11908 11911 11912 11913 11918 11924 11937 11938 11950 11951 11956 11962 11966 11967 11973 11976 11977 11991 11992 11997 12006 12009 12010 12011 12013 12024 12025 12026 12027 12047 12048 12052 12057 12067 12070 12085 12094 12095 12106 12112 12117 12119 12153 12157 12162 12173 12179 12186 12187 12188 12195 12196 12204 12208 12218 12219 12221 12224 12225 12226 12235 12241 12242 12258 12261 12283 12300 12303 12304 12322 12346 12358 12371 12372 12379 12394 12395 12404 12413 12419 12428 12438 12441 12442 12452 12455 12459 12469 12474 12485 12487 12506 12510 12533 12534 12539 12540 12545 12548 12564 12572 12576 12578 12589 12590 12591 12605 12614 12615 12616 12637 12639 12648 12661 12666 12674 12678 12687 12690 12691 12695 12703 12706 12725 12731 12736 12755 12768 12777 12781 12782 12788 12789 12796 12803 12804 12829 12834 12839 12840 12854 12883 12887 12892 12899 12901 12914 12915 12943 12945 12946 12950 12951 12967 12970 12974 12976 12977 12991 13008 13011 13013 13037 13056 13076 13092 13098 13100 13113 13115 13123 13145 13148 13171 13172 13183 13191 13199
239 288 266 264 300 283 294 293 338 408 370 352 392 363 370 406 454 416 393 433 434 480 468 443 403 447 484 474 473 524 423 459 502 451 534 492 527 538 544 553 551 519 602 556 552 530 560 605 577 599 594 612 585 604 630 641 625 636 595 645 628 637 676 698 691 685 634 638 720 693 723 702 757 714 744 725 711 747 813 801 808 836 753 761 792 842 876 831 886 868 880 828 915 820 902 936 884 864 901 886 880 912 940 975 897 943 918 926 901 911 947 1011 1014 948 938 1025 992 1056 1026 1008 1027 1068 1057 1041 1012 1054 1019 1075 1082 1036 1115 1056 1038 1045 1060 1096 1045 1132 1136 1140 1129 1200 1186 1186 1178 1213 1225 1141 1217 1219 1249 1148 1258 1189 1187 1191 1176 1199 1252 1280 1273 1291 1266 1285 1290 1279 1306 1246 1317 1338 1340 1291 1312 1319 1308 1274 1313 1260 1348 1267 1347 1338 1351 1346 1341 1352 1368 1349 1384 1381 1336 1382 1410 1415 1405 1394 1418 1420 1422 1422 1454 1465 1457 1477 1495 1512 1430 1431 1464 1491 1523 1496 1527 1531 1500 1473 1501 1586 1528 1575 1604 1558 1585 1586 1618 1643 1647 1608 1616 1634 1661 1647 1637 1681 1648 1601 1662 1648 1682 1700 1688 1697 1674 1741 1718 1717 1705 1673 1759 1756 1726 1756 1742 1750 1725 1768 1781 1777 1820 1811 1786 1777 1785 1790 1818 1795 1834 1800 1864 1864 1890 1893 1865 1870 1856 1838 1865 1859 1838 1896 1931 1914 1890 1942 1982 1990 1962 2004 1955 1945 1991 1949 2012 2001 1994 1996 2001 1969 2017 2052 2036 2056 2022 2044 2058 2050 2049 2033 2093 2102 2115 2131 2072 2109 2147 2131 2103 2095 2111 2182 2137 2160 2140 2155 2158 2203 2131 2189 2168 2181 2174 2181 2191 2240 2218 2231 2232 2245 2178 2232 2206 2240 2251 2269 2308 2301 2308 2340 2345 2314 2338 2347 2353 2380 2308 2414 2399 2393 2384 2359 2448 2391 2399 2407 2382 2446 2457 2485 2405 2421 2459 2498 2461 2477 2461 2473 2519 2492 2517 2551 2509 2519 2589 2514 2543 2568 2588 2546 2591 2618 2627 2631 2601 2641 2649 2668 2636 2615 2622 2571 2607 2651 2597 2702 2711 2675 2645 2671 2692 2691 2701 2733 2731 2703 2687 2706 2735 2755 2784 2789 2709 2752 2777 2835 2804 2816 2772 2806 2819 2801 2833 2808 2835 2863 2859 2823 2833 2874 2920 2894 2928 2869 2914 2860 2901 2959 2905 2946 2912 2929 2936 2941 2936 2948 3010 2970 3029 3010 2999 3007 3011 3039 3047 3037 2993 3082 3023 3071 3059 3086 3049 3099 3101 3104 3089 3142 3101 3153 3106 3112 3176 3123 3158 3135 3122 3104 3172 3159 3166 3173 3137 3171 3137 3209 3206 3263 3224 3270 3313 3270 3318 3250 3219 3278 3329 3300 3326 3316 3299 3310 3263 3330 3333 3364 3361 3378 3333 3341 3376 3403 3406 3411 3341 3364 3451 3402 3360 3413 3366 3436 3471 3434 3465 3430 3473 3463 3447 3487 3512 3438 3527 3440 3496 3465 3516 3543 3516 3536 3539 3530 3537 3519 3495 3544 3546 3553 3557 3506 3509 3581 3553 3568 3591 3589 3639 3589 3657 3636 3649 3629 3691 3690 3711 3710 3722 3704 3708 3744 3718 3708 3702 3703 3784 3734 3715 3731 3785 3817 3792 3768 3844 3821 3812 3748 3798 3783 3787 3810 3864 3844 3825 3826 3878 3904 3901 3897 3917 3847 3933 3930 3932 3922 3971 3978 3920 3949 3965 3984 3987 3982 4007 4019 4054 3979 4032 4033 4057 4026 4043 4053 4019 4100 4093 4061 4124 4051 4118 4113 4115 4126 4083 4087 4093 4132 4191 4192 4168 4191 4158 4177 4198 4183 4214 4215 4173 4158 4205 4209 4227 4200 4229 4238 4266 4198 4253 4309 4261 4253 4238 4280 4281 4348 4356 4312 4318 4380 4287 4389 4359 4395 4434 4402 4434 4420 4442 4402 4435 4453 4406 4389 4429 4494 4504 4427 4467 4480 4538 4515 4541 4500 4500 4471 4536 4528 4514 4583 4584 4560 4583 4623 4638 4592 4634 4641 4670 4644 4663 4686 4645 4721 4744 4670 4676 4703 4659 4763 4684 4770 4734 4742 4712 4754 4786 4752 4781 4826 4836 4869 4852 4870 4837 4846 4857 4850 4822 4874 4906 4927 4889 4909 4890 4925 4858 4912 4917 4921 4933 4961 4923 4971 4988 4993 4958 4995 5011 5014 5065 5008 5036 5077 5003 5054 5095 5028 5078 5053 5076 5078 5138 5123 5116 5159 5127 5171 5137 5139 5168 5198 5214 5205 5200 5216 5263 5234 5222 5171 5196 5236 5237 5225 5282 5283 5245 5258 5214 5293 5295 5272 5320 5269 5357 5381 5345 5364 5377 5332 5411 5336 5416 5419 5423 5428 5353 5417 5378 5379 5380 5448 5428 5371 5410 5456 5457 5387 5470 5500 5515 5466 5547 5488 5557 5562 5519 5545 5576 5580 5566 5554 5568 5640 5547 5650 5552 5621 5629 5613 5611 5625 5639 5619 5688 5698 5682 5672 5697 5736 5706 5737 5759 5679 5660 5746 5752 5770 5784 5829 5785 5738 5795 5801 5811 5766 5815 5837 5847 5818 5823 5851 5822 5827 5786 5881 5868 5854 5878 5898 5923 5877 5868 5929 5888 5926 5937 5965 5911 5943 5900 5976 5968 5937 5983 6017 6044 6020 6076 6054 6074 6072 6070 6101 6054 6094 6052 6110 6156 6160 6111 6093 6126 6076 6122 6147 6147 6154 6160 6186 6224 6164 6235 6241 6232 6179 6202 6204 6263 6266 6271 6231 6291 6317 6271 6299 6307 6358 6320 6321 6317 6374 6298 6330 6382 6423 6399 6409 6440 6435 6428 6399 6425 6447 6467 6453 6436 6492 6515 6433 6502 6503 6544 6465 6523 6528 6563 6578 6546 6531 6570 6652 6573 6623 6640 6621 6671 6660 6684 6726 6712 6739 6681 6785 6755 6777 6793 6783 6757 6781 6810 6825 6767 6823 6807 6802 6812 6802 6832 6864 6924 6849 6913 6944 6946 6942 6902 6899 6927 6958 6962 6962 7004 6943 6986 7008 7005 7045 7043 7082 7084 7067 7081 7101 7141 7080 7145 7139 7087 7178 7125 7189 7187 7106 7179 7195 7199 7200 7152 7136 7197 7139 7187 7230 7208 7221 7160 7156 7197 7227 7199 7148 7213 7239 7228 7203 7230 7278 7263 7253 7210 7287 7260 7304 7211 7312 7236 7218 7258 7320 7302 7288 7308 7305 7333 7315 7367 7293 7377 7332 7330 7358 7348 7349 7327 7368 7358 7371 7374 7354 7340 7377 7344 7427 7351 7351 7400 7361 7425 7436 7373 7423 7357 7410 7399 7427 7497 7435 7460 7473 7518 7504 7531 7564 7500 7541 7542 7533 7548 7599 7589 7514 7555 7591 7610 7600 7598 7635 7609 7576 7599 7679 7641 7624 7678 7650 7694 7653 7707 7666 7634 7640 7695 7709 7681 7716 7707 7692 7725 7743 7738 7753 7686 7744 7782 7806 7816 7803 7772 7764 7803 7824 7792 7841 7850 7893 7870 7865 7905 7900 7890 7868 7913 7871 7919 7933 7917 7919 7984 7960 7977 8019 7969 7988 8002 7985 8013 7987 7982 8001 8029 7999 8057 8066 8051 8069 8104 8060 8023 8026 8093 8111 8102 8057 8147 8073 8160 8155 8131 8149 8112 8166 8096 8181 8191 8161 8200 8142 8229 8229 8215 8194 8209 8219 8234 8248 8222 8179 8252 8189 8245 8249 8288 8247 8219 8289 8266 8279 8309 8273 8338 8313 8299 8357 8361 8372 8399 8457 8438 8414 8447 8481 8459 8437 8462 8395 8436 8469 8440 8470 8453 8498 8467 8498 8516 8487 8522 8548 8511 8557 8555 8551 8562 8566 8538 8562 8583 8554 8547 8537 8649 8577 8646 8647 8625 8627 8666 8675 8619 8659 8696 8699 8714 8734 8739 8655 8731 8686 8670 8738 8735 8765 8739 8781 8835 8822 8791 8800 8802 8830 8839 8859 8845 8823 8843 8856 8824 8911 8904 8933 8888 8908 8912 8877 8909 8955 8911 8954 8905 8912 8937 8983 8982 8982 8978 8974 8924 8990 8996 9020 8970 8996 8985 9010 9028 8993 9029 9019 9075 9052 9053 9066 9069 9087 9059 9046 9078 9097 9152 9133 9085 9133 9128 9127 9115 9107 9165 9158 9161 9133 9176 9182 9208 9239 9227 9239 9221 9215 9213 9283 9241 9264 9311 9290 9279 9331 9233 9283 9253 9301 9312 9342 9337 9346 9407 9325 9349 9403 9344 9398 9386 9432 9415 9440 9429 9446 9448 9445 9469 9455 9485 9470 9446 9459 9538 9489 9452 9552 9488 9544 9523 9532 9543 9544 9543 9563 9581 9583 9601 9664 9659 9576 9611 9644 9633 9709 9662 9676 9674 9692 9723 9711 9748 9721 9713 9754 9784 9718 9775 9795 9801 9798 9812 9794 9845 9749 9820 9788 9846 9845 9820 9819 9874 9865 9811 9897 9872 9923 9854 9926 9953 9931 9976 9994 9971 9978 9931 9992 9957 9956 10019 9987 9987 10040 10039 10040 10085 10114 10079 10109 10071 10126 10128 10115 10151 10152 10091 10151 10150 10110 10133 10162 10145 10129 10184 10140 10209 10170 10207 10211 10241 10258 10241 10277 10239 10252 10234 10319 10276 10247 10296 10284 10322 10262 10290 10287 10300 10315 10297 10351 10312 10325 10286 10303 10390 10323 10415 10376 10399 10405 10365 10446 10394 10403 10370 10402 10390 10424 10442 10465 10463 10400 10429 10412 10515 10455 10445 10470 10481 10504 10433 10491 10539 10510 10463 10464 10451 10520 10503 10489 10545 10567 10550 10578 10559 10566 10614 10637 10649 10596 10606 10663 10666 10650 10632 10655 10655 10677 10678 10688 10703 10681 10637 10724 10740 10715 10703 10716 10741 10751 10751 10758 10712 10770 10752 10763 10808 10809 10776 10722 10773 10836 10840 10785 10819 10858 10842 10827 10861 10836 10789 10790 10856 10871 10849 10881 10879 10881 10905 10870 10931 10909 10913 10988 11001 11008 10988 11019 11014 11033 11009 11046 11019 11037 11057 11051 11011 11038 11110 11103 11055 11136 11148 11086 11126 11109 11141 11077 11100 11145 11120 11187 11172 11184 11203 11157 11132 11203 11174 11205 11170 11213 11199 11173 11224 11201 11191 11239 11265 11203 11242 11300 11222 11303 11261 11228 11289 11271 11302 11257 11263 11347 11352 11349 11335 11395 11366 11394 11386 11403 11415 11393 11435 11460 11387 11409 11466 11466 11433 11464 11495 11431 11490 11513 11512 11510 11555 11543 11529 11530 11520 11545 11502 11541 11572 11557 11523 11589 11532 11604 11565 11546 11571 11614 11664 11644 11596 11691 11643 11674 11650 11667 11676 11638 11645 11661 11689 11713 11664 11749 11720 11670 11693 11732 11767 11728 11752 11763 11716 11778 11755 11815 11868 11811 11869 11859 11856 11839 11925 11907 11923 11925 11895 11943 11954 11956 12023 11975 12047 12026 12078 12028 12043 12046 11994 12087 12110 12084 12042 12024 12131 12104 12115 12113 12132 12151 12107 12052 12124 12079 12120 12075 12151 12105 12142 12108 12160 12163 12112 12178 12158 12155 12172 12141 12181 12167 12238 12165 12206 12207 12173 12228 12206 12239 12231 12219 12241 12248 12249 12263 12252 12227 12265 12277 12266 12252 12317 12321 12262 12336 12301 12354 12316 12343 12328 12364 12357 12354 12422 12422 12362 12434 12379 12386 12426 12423 12480 12435 12404 12439 12421 12484 12482 12463 12464 12448 12486 12476 12425 12540 12496 12535 12558 12486 12533 12551 12568 12541 12602 12594 12661 12634 12630 12665 12613 12624 12667 12667 12672 12625 12683 12655 12694 12720 12743 12754 12739 12745 12745 12749 12816 12778 12740 12728 12731 12803 12794 12807 12863 12828 12790 12873 12821 12814 12846 12877 12885 12878 12933 12861 12951 12857 12943 12922 12930 12874 12946 12932 12945 12977 12960 12939 13006 12999 12999 13003 13017 12971 12972 13031 13061 13044 13064 13095 13079 13088 13054 13118 13070 13114 13134 13106 13175 13146 13148 13193 13151 13235 13199 13167 13210 13232 13258 13212 13222 13273 13251 13265 13253 13314 13327 13332 13338 13352 13378 13380 13323 13350 13409 13411 13388 13431 13431 13438
