20 4 11
2 2 3 4
15 39 11 31 43 24 32 49 12 26 46
14 44 37 32 46 46 25 38 24 20 14
27 16 50 39 34 47 44 34 10 31 22
11 11 21 42 28 17 37 43 42 43 20
13 46 45 50 34 44 43 43 47 28 24
16 40 41 15 13 43 35 31 39 39 12
14 45 39 30 40 29 19 37 50 24 38
28 45 16 23 13 45 26 48 37 17 13
29 31 12 49 32 10 29 23 42 17 36
35 24 16 39 42 39 45 29 21 21 37
28 50 22 32 48 12 46 46 40 26 14
18 24 18 50 14 13 16 23 22 34 11
27 21 28 10 34 37 28 37 10 24 24
21 35 25 37 15 48 11 26 37 40 22
50 26 41 12 12 11 11 11 37 12 18
27 11 24 15 10 39 30 16 16 39 46
45 30 11 45 10 48 20 28 24 23 12
39 33 40 43 22 26 24 44 27 45 23
44 44 34 42 49 24 14 45 12 14 50
16 21 13 48 29 29 11 50 40 45 48
1 2 3 4 5 6 7 8 9 10 11 12 13 14 15 16 17 18 19 20 21 22 23 24 25 26 27 28 29 30 31 32 33 34 35 36 37 38 39 40 41 42 43 44 45 46 47 48 49 50 51 52 53 54 55 56 57 58 59 60 61 62 63 64 65 66 67 68 69 70 71 72 73 74 75 76 77 78 79 80 81 82 83 84 85 86 87 88 89 90 91 92 93 94 95 96 97 98 99 100 101 102 103 104 105 106 107 108 109 110 111 112 113 114 115 116 117 118 119 120 121 122 123 124 125 126 127 128 129 130 131 132 133 134 135 136 137 138 139 140 141 142 143 144 145 146 147 148 149 150 151 152 153 154 155 156 157 158 159 160 161 162 163 164 165 166 167 168 169 170 171 172 173 174 175 176 177 178 179 180 181 182 183 184 185 186 187 188 189 190 191 192 193 194 195 196 197 198 199 200 201 202 203 204 205 206 207 208 209 210 211 212 213 214 215 216 217 218 219 220 221 222 223 224 225 226 227 228 229 230 231 232 233 234 235 236 237 238 239 240 241 242 243 244 245 246 247 248 249 250 251 252 253 254 255 256 257 258 259 260 261 262 263 264 265 266 267 268 269 270 271 272 273 274 275 276 277 278 279 280 281 282 283 284 285 286 287 288 289 290 291 292 293 294 295 296 297 298 299 300 301 302 303 304 305 306 307 308 309 310 311 312 313 314 315 316 317 318 319 320 321 322 323 324 325 326 327 328 329 330 331 332 333 334 335 336 337 338 339 340 341 342 343 344 345 346 347 348 349 350 351 352 353 354 355 356 357 358 359 360 361 362 363 364 365 366 367 368 369 370 371 372 373 374 375 376 377 378 379 380 381 382 383 384 385 386 387 388 389 390 391 392 393 394 395 396 397 398 399 400 401 402 403 404 405 406 407 408 409 410 411 412 413 414 415 416 417 418 419 420 421 422 423 424 425 426 427 428 429 430 431 432 433 434 435 436 437 438 439 440 441 442 443 444 445 446 447 448 449 450 451 452 453 454 455 456 457 458 459 460 461 462 463 464 465 466 467 468 469 470 471 472 473 474 475 476 477 478 479 480 481 482 483 484 485 486 487 488 489 490 491 492 493 494 495 496 497 498 499 500 501 502 503 504 505 506 507 508 509 510 511 512 513 514 515 516 517 518 519 520 521 522 523 524 525 526 527 528 529 530 531 532 533 534 535 536 537 538 539 540 541 542 543 544 545 546 547 548 549 550 551 552 553 554 555 556 557 558 559 560 561 562 563 564 565 566 567 568 569 570 571 572 573 574 575 576 577 578 579 580 581 582 583 584 585 586 587 588 589 590 591 592 593 594 595 596 597 598 599 600 601 602 603 604 605 606 607 608 609 610 611 612 613 614 615 616 617 618 619 620 621 622 623 624 625 626 627 628 629 630 631 632 633 634 635 636 637 638 639 640 641 642 643 644 645 646 647 648 649 650 651 652 653 654 655 656 657 658 659 660 661 662 663 664 665 666 667 668 669 670 671 672 673 674 675 676 677 678 679 680 681 682 683 684 685 686 687 688 689 690 691 692 693 694 695 696 697 698 699 700 701 702 703 704 705 706 707 708 709 710 711 712 713 714 715 716 717 718 719 720 721 722 723 724 725 726 727 728 729 730 731 732 733 734 735 736 737 738 739 740 741 742 743 744 745 746 747 748 749 750 751 752 753 754 755 756 757 758 759 760 761 762 763 764 765 766 767 768 769 770 771 772 773 774 775 776 777 778 779 780 781 782 783 784 785 786 787 788 789 790 791 792 793 794 795 796 797 798 799 800 801 802 803 804 805 806 807 808 809 810 811 812 813 814 815 816 817 818 819 820 821 822 823 824 825 826 827 828 829 830 831 832 833 834 835 836 837 838 839 840 841 842 843 844 845 846 847 848 849 850 851 852 853 854 855 856 857 858 859 860 861 862 863 864 865 866 867 868 869 870 871 872 873 874 875 876 877 878 879 880 881 882 883 884 885 886 887 888 889 890 891 892 893 894 895 896 897 898 899 900 901 902 903 904 905 906 907 908 909 910 911 912 913 914 915 916 917 918 919 920 921 922 923 924 925 926 927 928 929 930 931 932 933 934 935 936 937 938 939 940 941 942 943 944 945 946 947 948 949 950 951 952 953 954 955 956 957 958 959 960 961 962 963 964 965 966 967 968 969 970 971 972 973 974 975 976 977 978 979 980 981 982 983 984 985 986 987 988 989 990 991 992 993 994 995 996 997 998 999 1000 1001 1002 1003 1004 1005 1006 1007 1008 1009 1010 1011 1012 1013 1014 1015 1016 1017 1018 1019 1020 1021 1022 1023 1024 1025 1026 1027 1028 1029 1030 1031 1032 1033 1034 1035 1036 1037 1038 1039 1040 1041 1042 1043 1044 1045 1046 1047 1048 1049 1050 1051 1052 1053 1054 1055 1056 1057 1058 1059 1060 1061 1062 1063 1064 1065 1066 1067 1068 1069 1070 1071 1072 1073 1074 1075 1076 1077 1078 1079 1080 1081 1082 1083 1084 1085 1086 1087 1088 1089 1090 1091 1092 1093 1094 1095 1096 1097 1098 1099 1100 1101 1102 1103 1104 1105 1106 1107 1108 1109 1110 1111 1112 1113 1114 1115 1116 1117 1118 1119 1120 1121 1122 1123 1124 1125 1126 1127 1128 1129 1130 1131 1132 1133 1134 1135 1136 1137 1138 1139 1140 1141 1142 1143 1144 1145 1146 1147 1148 1149 1150 1151 1152 1153 1154 1155 1156 1157 1158 1159 1160 1161 1162 1163 1164 1165 1166 1167 1168 1169 1170 1171 1172 1173 1174 1175 1176 1177 1178 1179 1180 1181 1182 1183 1184 1185 1186 1187 1188 1189 1190 1191 1192 1193 1194 1195 1196 1197 1198 1199 1200 1201 1202 1203 1204 1205 1206 1207 1208 1209 1210 1211 1212 1213 1214 1215 1216 1217 1218 1219 1220 1221 1222 1223 1224 1225 1226 1227 1228 1229 1230 1231 1232 1233 1234 1235 1236 1237 1238 1239 1240 1241 1242 1243 1244 1245 1246 1247 1248 1249 1250 1251 1252 1253 1254 1255 1256 1257 1258 1259 1260 1261 1262 1263 1264 1265 1266 1267 1268 1269 1270 1271 1272 1273 1274 1275 1276 1277 1278 1279 1280 1281 1282 1283 1284 1285 1286 1287 1288 1289 1290 1291 1292 1293 1294 1295 1296 1297 1298 1299 1300 1301 1302 1303 1304 1305 1306 1307 1308 1309 1310 1311 1312 1313 1314 1315 1316 1317 1318 1319 1320 1321 1322 1323 1324 1325 1326 1327 1328 1329 1330 1331 1332 1333 1334 1335 1336 1337 1338 1339 1340 1341 1342 1343 1344 1345 1346 1347 1348 1349 1350 1351 1352 1353 1354 1355 1356 1357 1358 1359 1360 1361 1362 1363 1364 1365 1366 1367 1368 1369 1370 1371 1372 1373 1374 1375 1376 1377 1378 1379 1380 1381 1382 1383 1384 1385 1386 1387 1388 1389 1390 1391 1392 1393 1394 1395 1396 1397 1398 1399 1400 1401 1402 1403 1404 1405 1406 1407 1408 1409 1410 1411 1412 1413 1414 1415 1416 1417 1418 1419 1420 1421 1422 1423 1424 1425 1426 1427 1428 1429 1430 1431 1432 1433 1434 1435 1436 1437 1438 1439 1440 1441 1442 1443 1444 1445 1446 1447 1448 1449 1450 1451 1452 1453 1454 1455 1456 1457 1458 1459 1460 1461 1462 1463 1464 1465 1466 1467 1468 1469 1470 1471 1472 1473 1474 1475 1476 1477 1478 1479 1480 1481 1482 1483 1484 1485 1486 1487 1488 1489 1490 1491 1492 1493 1494 1495 1496 1497 1498 1499 1500 1501 1502 1503 1504 1505 1506 1507 1508 1509 1510 1511 1512 1513 1514 1515 1516 1517 1518 1519 1520 1521 1522 1523 1524 1525 1526 1527 1528 1529 1530 1531 1532 1533 1534 1535 1536 1537 1538 1539 1540 1541 1542 1543 1544 1545 1546 1547 1548 1549 1550 1551 1552 1553 1554 1555 1556 1557 1558 1559 1560 1561 1562 1563 1564 1565 1566 1567 1568 1569 1570 1571 1572 1573 1574 1575 1576 1577 1578 1579 1580 1581 1582 1583 1584 1585 1586 1587 1588 1589 1590 1591 1592 1593 1594 1595 1596 1597 1598 1599 1600 1601 1602 1603 1604 1605 1606 1607 1608 1609 1610 1611 1612 1613 1614 1615 1616 1617 1618 1619 1620 1621 1622 1623 1624 1625 1626 1627 1628 1629 1630 1631 1632 1633 1634 1635 1636 1637 1638 1639 1640 1641 1642 1643 1644 1645 1646 1647 1648 1649 1650 1651 1652 1653 1654 1655 1656 1657 1658 1659 1660 1661 1662 1663 1664 1665 1666 1667 1668 1669 1670 1671 1672 1673 1674 1675 1676 1677 1678 1679 1680 1681 1682 1683 1684 1685 1686 1687 1688 1689 1690 1691 1692 1693 1694 1695 1696 1697 1698 1699 1700 1701 1702 1703 1704 1705 1706 1707 1708 1709 1710 1711 1712 1713 1714 1715 1716 1717 1718 1719 1720 1721 1722 1723 1724 1725 1726 1727 1728 1729 1730 1731 1732 1733 1734 1735 1736 1737 1738 1739 1740 1741 1742 1743 1744 1745 1746 1747 1748 1749 1750 1751 1752 1753 1754 1755 1756 1757 1758 1759 1760 1761 1762 1763 1764 1765 1766 1767 1768 1769 1770 1771 1772 1773 1774 1775 1776 1777 1778 1779 1780 1781 1782 1783 1784 1785 1786 1787 1788 1789 1790 1791 1792 1793 1794 1795 1796 1797 1798 1799 1800 1801 1802 1803 1804 1805 1806 1807 1808 1809 1810 1811 1812 1813 1814 1815 1816 1817 1818 1819 1820 1821 1822 1823 1824 1825 1826 1827 1828 1829 1830 1831 1832 1833 1834 1835 1836 1837 1838 1839 1840 1841 1842 1843 1844 1845 1846 1847 1848 1849 1850 1851 1852 1853 1854 1855 1856 1857 1858 1859 1860 1861 1862 1863 1864 1865 1866 1867 1868 1869 1870 1871 1872 1873 1874 1875 1876 1877 1878 1879 1880 1881 1882 1883 1884 1885 1886 1887 1888 1889 1890 1891 1892 1893 1894 1895 1896 1897 1898 1899 1900 1901 1902 1903 1904 1905 1906 1907 1908 1909 1910 1911 1912 1913 1914 1915 1916 1917 1918 1919 1920 1921 1922 1923 1924 1925 1926 1927 1928 1929 1930 1931 1932 1933 1934 1935 1936 1937 1938 1939 1940 1941 1942 1943 1944 1945 1946 1947 1948 1949 1950 1951 1952 1953 1954 1955 1956 1957 1958 1959 1960 1961 1962 1963 1964 1965 1966 1967 1968 1969 1970 1971 1972 1973 1974 1975 1976 1977 1978 1979 1980 1981 1982 1983 1984 1985 1986 1987 1988 1989 1990 1991 1992 1993 1994 1995 1996 1997 1998 1999 2000
12 11 2 6 5 17 2 3 19 19 18 10 6 1 4 12 15 18 14 0 7 12 18 10 5 7 10 16 6 0 2 9 7 11 18 7 2 4 15 19 13 2 5 6 4 17 17 19 11 7 2 9 6 2 11 18 9 14 1 19 2 4 7 13 0 18 12 17 1 11 7 4 5 0 19 15 7 9 0 3 5 16 16 19 2 12 11 17 0 18 18 16 14 12 0 10 7 8 19 10 12 18 10 15 4 15 3 18 2 1 5 12 1 19 15 14 6 8 18 9 4 12 12 10 2 1 8 4 1 1 16 5 18 0 1 13 9 9 14 1 16 3 17 6 8 17 11 9 5 19 16 12 5 2 14 8 5 15 3 8 17 12 7 16 3 15 5 13 16 17 8 19 1 8 11 9 1 13 4 4 12 12 8 12 5 12 13 16 12 9 4 18 0 17 9 17 18 1 11 17 19 19 10 10 8 11 17 11 12 4 4 0 6 16 18 6 12 10 5 15 5 18 9 2 16 9 9 8 4 6 12 5 10 16 15 12 13 14 10 1 17 15 5 8 4 9 2 2 8 6 5 10 4 2 14 19 17 13 2 1 5 2 11 6 7 17 16 5 7 5 5 1 18 5 13 5 4 3 9 14 4 19 19 12 5 0 9 4 6 12 4 5 16 1 1 16 8 10 1 16 14 17 0 5 0 16 17 10 8 4 16 15 15 16 18 19 1 9 4 1 16 14 11 14 13 5 10 13 15 17 15 10 18 3 4 4 4 4 16 8 4 10 17 13 17 0 14 5 15 11 0 13 16 14 16 9 15 10 5 14 1 18 19 8 15 12 13 2 7 5 4 2 13 16 12 19 0 6 0 18 8 8 18 4 3 19 1 16 0 13 1 0 11 8 17 7 18 1 16 14 1 11 2 7 18 7 10 18 7 12 16 14 12 8 3 5 17 6 14 11 6 5 11 5 9 11 3 1 17 10 11 4 15 18 13 5 17 16 1 10 0 15 10 2 6 14 18 2 18 2 3 13 3 16 8 19 17 15 1 9 14 18 12 6 12 7 1 19 5 9 2 14 2 10 5 4 4 15 3 2 11 6 8 10 19 17 11 1 8 1 10 11 1 17 18 9 17 13 3 16 17 1 1 17 19 8 8 4 8 15 5 8 8 9 8 7 8 18 17 4 2 19 11 14 2 18 19 17 11 8 11 18 1 2 15 18 17 2 7 13 1 3 8 1 18 18 3 10 3 0 12 7 0 17 12 12 19 7 2 4 14 5 5 2 15 16 0 0 2 0 5 4 15 19 2 4 3 17 19 14 19 3 5 15 14 18 5 9 13 9 13 2 1 16 10 15 6 3 10 15 6 9 8 19 9 12 1 11 0 15 6 7 6 18 18 3 18 17 7 11 17 4 8 8 19 13 7 6 12 5 2 10 8 13 17 17 8 15 19 10 7 4 8 4 13 5 12 3 17 11 2 8 16 9 18 15 8 17 1 0 15 12 6 2 6 7 7 17 12 1 6 1 8 15 16 6 15 16 15 0 7 8 8 12 8 11 17 9 16 14 13 3 4 12 12 3 5 13 16 3 12 10 14 9 17 17 5 5 1 11 17 6 1 16 5 18 16 6 4 11 18 19 19 1 15 17 18 6 10 12 15 16 3 6 7 7 19 18 5 18 14 12 12 5 13 10 4 4 15 1 9 3 19 6 1 5 3 6 15 19 0 17 10 8 3 18 4 14 11 18 14 8 0 11 12 15 19 6 19 12 2 17 12 12 4 15 13 11 2 13 5 15 18 5 16 6 7 11 16 17 14 11 9 4 10 12 16 7 13 8 16 17 13 9 11 10 6 2 6 5 19 18 4 9 8 18 5 12 14 7 8 14 6 11 16 12 16 3 3 0 8 12 16 7 7 14 13 8 10 14 5 3 9 14 2 14 5 5 12 6 12 7 3 3 8 4 10 16 12 4 14 9 19 4 5 17 11 7 14 6 13 18 1 3 6 2 18 11 4 9 12 19 9 11 19 15 15 2 8 3 1 19 5 5 6 18 3 3 0 3 7 0 17 4 17 18 14 19 16 2 12 13 19 4 5 17 15 18 3 18 15 19 16 12 13 12 1 9 4 1 1 18 18 2 19 12 6 8 19 9 4 9 19 16 13 11 4 18 11 16 5 18 16 12 7 18 8 10 11 15 1 16 2 10 13 15 2 19 2 14 12 2 19 6 18 15 7 5 6 6 16 8 17 8 0 10 19 6 19 19 8 3 17 10 2 13 0 16 0 6 1 0 15 9 18 2 11 9 7 14 12 1 12 15 3 3 6 7 13 10 19 17 12 17 3 18 1 18 4 1 6 6 6 6 14 6 9 13 16 0 5 12 11 14 19 19 14 0 13 13 2 11 12 3 19 7 13 4 0 7 19 8 18 3 1 13 17 6 19 4 6 17 10 2 5 9 11 13 8 19 0 3 15 17 19 11 8 15 3 12 8 9 5 4 17 16 6 10 6 13 3 18 5 7 6 13 19 16 5 10 9 17 9 2 1 18 18 17 1 10 19 0 12 2 0 6 1 0 14 4 4 12 5 8 14 10 14 3 13 13 9 11 6 11 5 1 4 10 2 4 0 10 14 11 10 0 18 17 12 11 18 8 1 11 19 15 9 15 6 11 6 10 1 8 3 9 16 12 0 1 3 1 6 10 1 6 16 1 5 14 19 14 19 14 8 18 14 14 11 12 19 17 19 16 2 16 18 16 5 2 7 8 3 13 17 16 10 10 9 1 14 4 12 10 1 1 15 1 0 18 2 9 14 6 8 19 19 17 0 7 18 13 8 15 14 1 17 10 19 5 7 0 11 9 7 15 0 15 17 9 9 5 14 13 9 12 4 11 1 3 6 6 12 10 7 1 2 15 16 16 13 8 15 8 4 16 16 11 16 8 4 8 8 15 16 7 2 19 16 10 18 18 4 15 4 5 4 17 4 14 12 5 8 5 16 19 16 3 4 0 14 1 16 0 6 2 7 14 4 3 1 11 2 17 13 5 4 10 10 11 14 6 13 16 12 8 14 19 18 10 19 12 1 13 1 3 7 13 9 6 1 1 17 5 19 6 3 3 14 0 14 8 10 7 12 4 14 15 19 4 14 4 6 12 11 2 8 13 5 16 14 19 2 14 2 13 17 0 15 4 16 13 16 14 18 2 14 7 17 19 5 14 2 10 2 10 2 7 1 12 0 12 17 11 15 4 16 7 9 13 16 11 19 7 4 17 5 17 2 11 0 0 7 0 1 6 12 7 11 14 16 4 8 16 5 15 15 13 0 4 9 10 0 2 5 13 1 11 6 12 5 10 6 3 2 6 8 10 7 2 3 15 14 14 4 18 3 9 19 10 9 3 10 16 9 13 11 10 5 16 10 18 17 0 16 13 14 13 0 12 18 17 12 0 18 15 12 16 4 13 1 16 3 7 13 4 13 13 10 5 4 17 13 3 14 1 5 6 10 7 16 19 14 7 18 18 13 12 8 3 8 9 16 14 0 3 14 12 16 6 5 17 15 3 10 1 5 16 10 14 17 4 14 17 17 13 19 19 18 17 18 16 18 9 2 10 17 16 13 16 1 3 16 4 19 17 17 12 3 19 17 18 7 0 13 14 16 10 4 4 14 6 19 11 12 14 18 18 17 11 2 13 12 11 0 13 10 14 15 3 19 16 6 1 2 14 14 6 4 0 1 16 15 1 18 19 4 1 11 12 5 2 1 11 7 7 15 1 0 9 16 14 3 13 4 0 14 19 15 4 0 1 6 6 4 15 19 15 10 14 6 15 9 8 6 3 5 4 9 12 19 16 15 16 3 9 7 11 5 5 7 6 2 11 4 1 16 4 7 14 5 6 1 12 1 13 4 4 12 19 16 7 5 13 11 0 15 5 3 18 10 10 8 14 13 5 2 19 13 16 8 1 18 0 3 16 13 5 12 19 6 17 9 11 11 7 8 17 3 3 16 3 5 6 12 13 12 16 5 10 0 18 14 0 17 3 8 10 13 0 12 13 16 0 6 15 0 9 12 16 19 2 11 0 14 6 17 12 10 14 13 16 18 10 13 15 15 16 12 9 8 9 19 11 13 5 8 5 15 7 4 11 7 1 2 13 2 18 6 15 5 18 7 10 19 6 1 19 13 8 4 12 16 11 8 1 0 10 19 15 19 12 17 4 7 14 4 19 13 3 13 15 1 19 19 0 14 19 10 3 5 6 1 0 9 9 2 14 10 4 9 15 12 13 12 18 10 11 9 5 5 1 18 5 10 18 1 13 6 7 1 3 13 13 0 16 4 5 11 18 11 10 11 5 15 4 6 12 0 8 1 8 6 6 8 14 0 9 13 5 14 9 1 2 18 12 13 8 14 11 16 17 1 5 19 9 1 7 13 2 2 11 11 4 1 10 3 9 7 10 5 18 6 5 14 5 18 13 11 4 1 11 18 18 0 15 18 1 0 6 15 3 5 19 3 18 4 14 8 10
19 20 21 22 23 24 27 38 41 52 53 59 60 63 72 88 92 106 107 126 127 128 135 138 147 162 165 174 175 183 187 192 193 194 195 197 214 236 237 257 262 265 277 283 284 289 296 297 301 310 312 313 314 315 322 324 334 335 349 350 352 357 369 370 378 379 384 386 393 409 410 421 423 428 445 452 455 456 457 458 468 495 498 504 533 542 553 560 569 570 576 583 587 590 602 603 606 607 612 615 619 638 643 656 677 681 693 697 701 702 709 710 712 714 718 738 739 740 757 758 760 763 764 786 799 804 805 815 819 820 830 832 835 855 862 872 873 875 878 890 893 940 943 949 955 960 961 965 972 981 985 987 992 996 1000 1002 1007 1019 1020 1024 1032 1038 1048 1049 1053 1057 1066 1067 1085 1090 1091 1098 1101 1105 1120 1133 1145 1148 1162 1171 1186 1198 1199 1206 1213 1218 1219 1224 1235 1238 1243 1250 1252 1262 1265 1291 1301 1305 1333 1334 1337 1359 1360 1361 1365 1386 1402 1403 1418 1423 1426 1427 1429 1437 1440 1447 1466 1477 1478 1481 1482 1483 1485 1495 1502 1503 1520 1521 1523 1536 1537 1544 1546 1547 1558 1559 1560 1582 1583 1584 1596 1602 1607 1610 1623 1625 1626 1627 1634 1635 1643 1665 1671 1675 1682 1692 1694 1696 1705 1706 1711 1713 1728 1742 1752 1753 1756 1757 1759 1760 1761 1762 1774 1787 1789 1814 1832 1838 1840 1846 1847 1855 1856 1858 1859 1862 1863 1870 1895 1901 1905 1914 1918 1921 1924 1936 1944 1956 1963 1973 1974 1978 1984 1986 1988 1989 2000 2001 2005 2011 2019 2020 2021 2026 2028 2033 2042 2051 2083 2087 2088 2092 2095 2097 2101 2107 2109 2128 2142 2146 2150 2158 2171 2172 2180 2194 2208 2219 2229 2230 2232 2254 2261 2265 2271 2275 2290 2293 2304 2314 2317 2318 2330 2340 2341 2344 2373 2384 2386 2404 2407 2409 2411 2414 2422 2426 2436 2440 2441 2445 2446 2447 2448 2462 2465 2471 2472 2486 2491 2492 2497 2502 2506 2517 2522 2534 2535 2537 2545 2550 2552 2555 2559 2560 2561 2562 2563 2565 2570 2576 2582 2584 2593 2603 2625 2626 2627 2628 2644 2645 2654 2681 2684 2692 2693 2696 2706 2717 2740 2741 2753 2755 2759 2764 2765 2766 2798 2803 2813 2824 2825 2855 2867 2872 2873 2875 2883 2896 2909 2912 2914 2918 2923 2935 2937 2938 2943 2945 2961 2993 3002 3006 3011 3012 3033 3038 3047 3053 3062 3072 3076 3080 3095 3098 3116 3118 3124 3125 3126 3134 3145 3146 3149 3156 3164 3172 3180 3187 3190 3199 3210 3213 3217 3221 3223 3227 3228 3236 3237 3238 3239 3240 3241 3242 3243 3244 3247 3250 3251 3266 3268 3269 3271 3283 3289 3311 3312 3341 3342 3345 3351 3356 3359 3365 3366 3370 3385 3389 3403 3423 3428 3434 3437 3441 3442 3459 3472 3484 3485 3488 3495 3504 3530 3533 3534 3547 3560 3571 3575 3589 3590 3597 3605 3619 3622 3624 3631 3634 3635 3636 3649 3651 3653 3685 3691 3708 3709 3710 3714 3732 3738 3740 3742 3754 3757 3761 3763 3784 3811 3821 3828 3840 3842 3844 3850 3851 3854 3864 3877 3878 3888 3897 3903 3913 3914 3918 3919 3920 3931 3947 3959 3964 3971 3972 3978 3980 3984 3986 3995 3999 4000 4007 4008 4012 4017 4025 4027 4028 4031 4033 4039 4046 4048 4053 4057 4073 4078 4082 4086 4098 4101 4104 4123 4127 4129 4130 4131 4141 4155 4162 4163 4164 4205 4215 4217 4234 4251 4264 4271 4290 4297 4309 4310 4326 4349 4353 4360 4362 4375 4377 4385 4389 4402 4414 4421 4425 4437 4445 4477 4481 4482 4483 4490 4491 4515 4523 4524 4545 4560 4578 4584 4585 4607 4629 4639 4660 4662 4664 4670 4677 4694 4695 4699 4706 4708 4709 4720 4722 4724 4732 4735 4738 4739 4742 4771 4777 4778 4785 4787 4793 4794 4811 4814 4818 4822 4823 4825 4826 4827 4828 4834 4842 4843 4867 4868 4876 4880 4888 4905 4907 4913 4929 4942 4946 4947 4959 4964 4965 4968 4975 4978 4981 4982 4988 4989 4991 4992 4994 4999 5015 5020 5027 5028 5039 5047 5059 5061 5064 5075 5077 5093 5101 5102 5127 5128 5135 5139 5143 5144 5152 5155 5158 5159 5166 5169 5174 5175 5176 5180 5182 5198 5202 5220 5243 5244 5246 5248 5251 5260 5261 5273 5277 5282 5283 5284 5297 5301 5306 5307 5310 5311 5333 5370 5375 5387 5393 5398 5400 5412 5434 5438 5444 5448 5455 5460 5465 5475 5476 5482 5484 5488 5489 5492 5498 5519 5528 5542 5547 5555 5573 5574 5578 5591 5598 5606 5612 5621 5651 5652 5664 5673 5677 5693 5694 5695 5696 5698 5711 5720 5726 5728 5729 5739 5741 5742 5748 5750 5752 5760 5769 5773 5774 5784 5790 5794 5799 5833 5835 5852 5858 5875 5891 5904 5911 5914 5915 5926 5934 5967 6006 6008 6029 6033 6045 6047 6048 6059 6066 6073 6078 6083 6091 6093 6099 6102 6113 6119 6131 6136 6144 6149 6150 6161 6162 6169 6170 6205 6211 6218 6227 6231 6236 6242 6268 6270 6278 6284 6287 6295 6303 6312 6321 6329 6333 6344 6345 6346 6357 6376 6400 6402 6407 6413 6414 6416 6422 6424 6430 6433 6455 6456 6471 6486 6498 6511 6519 6521 6541 6544 6547 6551 6553 6554 6555 6575 6582 6587 6589 6593 6597 6598 6602 6606 6634 6648 6654 6658 6662 6689 6693 6696 6699 6711 6714 6723 6738 6739 6740 6741 6750 6759 6761 6766 6767 6769 6780 6782 6785 6799 6804 6805 6811 6813 6816 6817 6821 6833 6839 6861 6863 6867 6885 6892 6894 6895 6897 6909 6910 6913 6919 6921 6926 6927 6928 6929 6937 6955 6958 6966 6968 6971 6976 6979 6981 6985 6989 6990 6995 7007 7009 7011 7016 7022 7029 7033 7044 7051 7052 7056 7060 7064 7066 7067 7073 7077 7078 7079 7081 7085 7093 7098 7099 7100 7114 7127 7136 7140 7156 7161 7172 7197 7199 7207 7209 7216 7261 7265 7276 7278 7283 7293 7298 7330 7343 7345 7358 7388 7393 7396 7412 7432 7436 7443 7445 7452 7454 7458 7468 7469 7470 7471 7472 7473 7479 7489 7494 7516 7517 7538 7539 7560 7570 7573 7578 7590 7593 7595 7602 7603 7604 7609 7610 7615 7621 7624 7643 7644 7660 7663 7669 7689 7698 7720 7742 7743 7749 7753 7755 7757 7761 7767 7773 7775 7776 7779 7780 7787 7794 7795 7798 7800 7809 7811 7814 7818 7820 7827 7828 7837 7838 7840 7844 7847 7857 7859 7874 7897 7902 7903 7905 7906 7908 7909 7920 7946 7947 7970 7975 7980 7985 7998 7999 8001 8028 8031 8032 8037 8044 8051 8055 8059 8066 8071 8080 8102 8110 8113 8120 8125 8146 8154 8163 8164 8200 8201 8203 8205 8207 8224 8228 8236 8243 8246 8257 8260 8268 8293 8305 8311 8324 8332 8339 8340 8354 8356 8364 8372 8373 8376 8386 8388 8393 8428 8429 8432 8440 8443 8446 8447 8450 8453 8455 8467 8481 8485 8492 8511 8516 8522 8532 8533 8540 8548 8549 8563 8579 8580 8587 8610 8613 8627 8630 8634 8637 8639 8641 8643 8646 8650 8662 8667 8670 8677 8678 8686 8696 8699 8701 8707 8708 8718 8722 8727 8731 8733 8734 8736 8752 8753 8758 8776 8782 8783 8785 8796 8797 8802 8815 8818 8819 8820 8826 8848 8853 8857 8861 8867 8871 8880 8886 8907 8909 8933 8934 8948 8954 8962 8966 8973 8974 8977 8978 8980 8984 8985 8992 9002 9003 9004 9006 9012 9020 9022 9026 9031 9038 9044 9045 9056 9061 9065 9066 9069 9072 9086 9095 9096 9099 9105 9112 9114 9116 9117 9129 9130 9132 9136 9146 9152 9153 9155 9159 9161 9171 9179 9180 9181 9184 9192 9198 9201 9206 9217 9223 9224 9237 9238 9241 9243 9251 9254 9265 9288 9291 9294 9312 9314 9318 9323 9347 9348 9349 9354 9356 9359 9364 9366 9370 9374 9375 9384 9386 9410 9432 9433 9474 9478 9494 9495 9496 9499 9503 9504 9516 9522 9528 9540 9541 9545 9562 9569 9571 9575 9579 9588 9594 9597 9606 9608 9618 9620 9623 9625 9632 9633 9671 9672 9676 9679 9702 9711 9713 9714 9717 9718 9724 9746 9755 9766 9767 9777 9783 9805 9815 9816 9817 9818 9824 9830 9831 9835 9836 9842 9843 9844 9852 9853 9857 9865 9867 9868 9870 9872 9887 9900 9903 9926 9928 9933 9935 9938 9951 9952 9954 9955 9967 9972 9973 9974 9976 9994 9995 10003 10017 10018 10019 10028 10035 10050 10053 10061 10073 10075 10076 10080 10088 10093 10095 10098 10117 10143 10149 10153 10169 10174 10179 10180 10194 10195 10200 10204 10211 10214 10215 10217 10244 10261 10265 10268 10276 10280 10297 10298 10302 10303 10310 10318 10321 10348 10352 10355 10359 10365 10372 10374 10376 10377 10378 10380 10385 10386 10394 10397 10398 10399 10403 10406 10424 10431 10445 10452 10456 10461 10462 10463 10469 10472 10486 10506 10509 10522 10528 10539 10546 10556 10559 10567 10570 10572 10593 10597 10599 10601 10612 10614 10624 10625 10626 10632 10639 10641 10643 10654 10660 10665 10668 10670 10671 10674 10683 10684 10685 10687 10690 10694 10702 10703 10706 10707 10708 10724 10731 10741 10744 10749 10750 10761 10763 10765 10769 10789 10795 10796 10802 10803 10807 10810 10812 10814 10819 10832 10835 10836 10844 10846 10851 10853 10860 10888 10891 10898 10902 10905 10922 10931 10936 10949 10951 10975 10985 11001 11002 11009 11030 11036 11040 11042 11043 11051 11080 11081 11082 11083 11089 11091 11095 11096 11100 11102 11103 11108 11111 11123 11124 11128 11140 11151 11157 11167 11172 11187 11196 11199 11203 11207 11223 11226 11227 11232 11233 11239 11249 11253 11255 11269 11277 11281 11284 11294 11318 11319 11322 11328 11330 11344 11360 11379 11384 11385 11386 11393 11395 11400 11409 11410 11426 11428 11432 11435 11448 11458 11465 11466 11467 11470 11473 11481 11486 11489 11503 11507 11508 11537 11544 11552 11555 11558 11565 11568 11571 11572 11581 11582 11590 11606 11612 11619 11620 11623 11654 11655 11656 11666 11671 11679 11682 11689 11690 11691 11695 11699 11728 11729 11743 11752 11762 11768 11770 11783 11793 11794 11796 11811 11812 11822 11834 11838 11882 11887 11902 11903 11933 11939 11942 11948 11949 11956 11982 11992 11997 12003 12006 12007 12017 12025 12039 12058 12065 12087 12094 12100 12107 12111 12130 12135 12142 12147 12148 12151 12177 12181 12185 12187 12190 12201 12203 12204 12205 12213 12222 12235 12248 12252 12255 12256 12268 12278 12284 12287 12290 12295 12300 12308 12314 12322 12342 12343 12344 12345 12351 12358 12365 12367 12370 12372 12375 12376 12377 12378 12383 12386 12387 12388 12406 12410 12411 12414 12421 12428 12439 12478 12486 12506 12518 12526 12527 12531 12539 12541 12546 12547 12555 12562 12563 12564 12572 12573 12599 12601 12604 12612 12626 12650 12651 12652 12653 12671 12674 12675 12685 12691 12692 12695 12707 12708 12719 12729 12740 12759 12761 12762 12781 12784 12801 12803 12805 12813 12819 12834 12847 12848 12856 12867 12898 12902 12915 12920 12921 12926 12927 12930 12933 12943 12947 12954 12956 12988 12989 12997 13002 13003 13007 13008 13021 13034 13035 13037 13041 13057 13060 13074 13077 13078 13080 13100 13113 13115 13121 13126 13129 13132 13144 13145 13150 13151 13159 13161 13163 13166 13175 13179 13181 13185 13187 13192 13196 13226 13228 13230 13231 13237 13243 13246 13250 13255 13257 13258 13266 13277 13292 13295 13296 13299 13332 13337 13340 13357 13358 13370 13382 13383 13384 13385 13386 13389 13405 13411 13420 13423 13428 13442 13478 13479 13482 13488 13511 13512 13525 13540 13558 13559 13569 13572 13574 13600 13613 13625 13635 13638 13642
218 203 284 283 256 296 290 251 276 287 335 324 321 316 377 287 280 388 297 354 352 327 417 403 380 387 430 400 436 411 450 444 418 377 477 422 477 541 425 492 491 528 510 544 589 561 568 532 484 535 575 565 575 578 505 606 586 525 602 585 615 662 594 599 606 661 583 658 646 592 635 726 656 656 680 640 680 708 685 671 701 721 724 739 796 741 736 832 797 852 858 809 777 789 830 868 831 834 847 880 818 920 908 844 982 869 906 979 964 955 942 909 965 949 906 928 1000 967 1039 1010 1065 962 963 1051 1062 1057 1032 1120 1072 1073 1056 1065 1117 1083 1115 1101 1125 1127 1068 1143 1119 1153 1215 1210 1182 1232 1144 1217 1205 1216 1211 1186 1225 1259 1190 1229 1240 1207 1233 1251 1304 1237 1273 1275 1266 1245 1299 1296 1311 1362 1318 1333 1354 1332 1303 1385 1398 1377 1467 1476 1385 1397 1426 1405 1446 1417 1448 1450 1434 1490 1548 1532 1480 1534 1517 1563 1583 1558 1516 1606 1572 1594 1625 1626 1592 1569 1674 1586 1617 1728 1731 1655 1690 1663 1722 1708 1665 1742 1711 1669 1715 1765 1737 1758 1728 1755 1772 1748 1828 1797 1736 1777 1811 1773 1746 1758 1789 1772 1848 1837 1868 1790 1840 1837 1928 1877 1889 1890 1861 1896 1876 1930 1976 1938 1872 1927 1966 1925 1968 1959 1944 1976 1911 2003 1977 2025 1982 1990 1984 1993 1994 2015 2056 2020 2018 2047 2137 2051 2092 2036 2152 2090 2091 2057 2092 2090 2115 2175 2156 2100 2210 2147 2144 2174 2177 2162 2171 2221 2216 2199 2164 2250 2212 2219 2216 2215 2272 2266 2232 2316 2245 2208 2209 2252 2310 2268 2295 2303 2388 2340 2314 2282 2278 2287 2330 2340 2374 2357 2330 2418 2338 2423 2453 2385 2485 2499 2513 2524 2455 2457 2537 2519 2533 2494 2543 2503 2480 2526 2492 2497 2545 2547 2556 2530 2567 2596 2561 2649 2619 2594 2660 2691 2646 2641 2610 2625 2665 2703 2666 2678 2751 2710 2677 2688 2664 2706 2700 2747 2719 2774 2724 2729 2788 2822 2735 2769 2788 2763 2773 2779 2805 2783 2742 2787 2833 2787 2845 2818 2796 2766 2835 2767 2856 2828 2907 2851 2892 2910 2869 2844 2880 2871 2883 2919 2906 2929 2978 2978 2930 2924 3014 2988 2942 2997 3017 2949 3011 3056 3085 3089 3008 3160 3055 3154 3102 3108 3155 3122 3162 3177 3142 3106 3188 3198 3198 3128 3225 3208 3243 3256 3215 3235 3224 3238 3260 3273 3319 3241 3315 3324 3266 3362 3294 3359 3315 3343 3377 3360 3359 3386 3408 3336 3412 3421 3397 3477 3485 3375 3403 3462 3393 3474 3444 3486 3458 3499 3411 3489 3464 3491 3504 3423 3494 3514 3525 3496 3519 3479 3464 3492 3540 3522 3524 3555 3524 3538 3539 3646 3569 3533 3584 3583 3586 3617 3593 3595 3612 3671 3675 3728 3691 3669 3620 3631 3705 3741 3707 3756 3668 3715 3678 3786 3783 3796 3722 3829 3832 3834 3800 3818 3843 3810 3832 3872 3904 3906 3844 3899 3848 3864 3848 3876 3881 3957 3890 3907 3944 3935 3977 4037 3928 3973 3975 4017 3945 3987 3991 4012 4074 4049 4061 4145 4030 4079 4113 4156 4067 4136 4112 4068 4123 4110 4136 4101 4104 4200 4152 4172 4160 4199 4188 4227 4224 4198 4243 4168 4245 4199 4260 4187 4261 4259 4235 4247 4269 4224 4280 4211 4259 4221 4300 4271 4309 4335 4339 4286 4360 4354 4311 4281 4373 4409 4350 4354 4364 4359 4356 4402 4354 4395 4426 4429 4432 4444 4489 4506 4478 4452 4506 4555 4522 4614 4537 4631 4578 4586 4559 4575 4647 4560 4648 4616 4628 4666 4703 4613 4664 4717 4730 4709 4670 4682 4751 4754 4776 4748 4749 4817 4759 4831 4845 4838 4834 4817 4865 4921 4850 4890 4858 4905 4919 4922 4926 4905 4935 4892 4992 4974 4950 4922 4964 4951 5044 4941 4970 4990 5011 5014 5013 5006 4993 5076 5004 5070 5094 5095 5058 5059 5080 5011 5106 5103 5096 5093 5101 5158 5106 5149 5210 5090 5195 5164 5177 5199 5135 5231 5246 5226 5233 5174 5166 5207 5195 5249 5214 5216 5227 5276 5232 5297 5210 5226 5227 5272 5276 5324 5366 5369 5263 5330 5345 5314 5337 5388 5381 5368 5352 5404 5332 5387 5383 5430 5424 5393 5382 5456 5480 5366 5363 5464 5388 5429 5448 5426 5443 5434 5483 5512 5495 5460 5536 5549 5481 5482 5589 5485 5530 5489 5570 5539 5544 5521 5652 5608 5613 5654 5623 5583 5638 5706 5628 5627 5700 5760 5725 5664 5701 5701 5711 5711 5714 5761 5721 5750 5702 5793 5803 5810 5816 5806 5809 5860 5896 5850 5833 5894 5854 5850 5842 5889 5900 5867 5954 5877 5921 5895 5924 5924 5933 5954 5955 5928 5965 5966 5967 5938 5979 5979 6025 5959 6006 5987 6036 5980 6057 5989 6066 6068 6051 6119 6074 6116 6117 6124 6141 6220 6191 6160 6166 6311 6198 6281 6268 6350 6280 6320 6242 6291 6263 6339 6312 6373 6346 6312 6363 6376 6401 6314 6441 6396 6348 6385 6413 6345 6404 6358 6393 6474 6445 6440 6484 6471 6475 6501 6531 6560 6497 6500 6523 6516 6537 6549 6601 6638 6616 6627 6536 6592 6602 6663 6601 6636 6648 6719 6649 6694 6612 6712 6646 6737 6644 6706 6712 6697 6740 6718 6774 6793 6849 6800 6804 6835 6836 6818 6810 6781 6848 6816 6828 6849 6903 6854 6841 6860 6877 6837 6963 6944 6872 6919 6929 6981 6937 6913 6948 7020 6966 7005 6924 6938 7012 6987 7029 7032 6998 6968 7045 7020 7062 6994 7004 7074 7048 7077 7099 7009 7058 7072 7122 7124 7093 7112 7164 7121 7123 7162 7144 7171 7148 7154 7148 7139 7199 7193 7192 7166 7183 7184 7194 7229 7224 7204 7167 7233 7267 7252 7173 7247 7232 7199 7210 7269 7221 7217 7246 7257 7312 7277 7285 7325 7299 7338 7266 7345 7290 7360 7332 7363 7390 7346 7359 7360 7361 7375 7317 7397 7392 7385 7387 7400 7430 7398 7390 7399 7451 7496 7455 7504 7507 7512 7556 7481 7529 7556 7580 7583 7617 7698 7624 7637 7667 7663 7725 7658 7705 7683 7730 7729 7704 7775 7732 7744 7738 7742 7722 7746 7699 7746 7765 7774 7788 7783 7761 7850 7825 7776 7822 7790 7816 7803 7836 7862 7848 7926 7896 7869 7905 7925 7924 7898 7902 7980 7953 7967 8004 7978 7988 7981 7990 8026 8019 8045 8027 8039 8032 8062 8069 8066 8048 8063 8035 8037 8010 8077 8046 8081 8080 8056 8027 8143 8145 8043 8080 8084 8049 8139 8087 8115 8132 8134 8158 8091 8170 8103 8179 8200 8275 8240 8243 8290 8226 8264 8191 8211 8296 8260 8319 8316 8250 8238 8341 8293 8324 8263 8337 8298 8365 8308 8386 8329 8415 8428 8417 8427 8414 8455 8431 8406 8452 8481 8449 8496 8507 8522 8513 8529 8519 8558 8544 8514 8567 8529 8575 8544 8583 8646 8562 8563 8559 8585 8623 8665 8663 8655 8695 8666 8725 8672 8680 8713 8678 8682 8680 8710 8757 8718 8776 8781 8774 8785 8723 8845 8747 8814 8816 8832 8768 8840 8838 8895 8890 8882 8824 8898 8866 8876 8878 8918 8878 8887 8949 8899 8904 8866 8876 8949 8971 8966 8942 8941 8943 8950 8910 8983 8958 8922 8964 8940 9025 9010 9028 9015 8973 9014 9048 8996 9107 8998 9071 9032 9081 9087 9047 9118 9082 9114 9130 9059 9106 9112 9136 9136 9121 9161 9253 9180 9188 9149 9199 9201 9282 9205 9207 9172 9211 9217 9265 9238 9230 9271 9294 9302 9327 9214 9336 9271 9349 9317 9361 9251 9264 9299 9296 9305 9312 9330 9322 9312 9410 9340 9304 9369 9343 9357 9391 9395 9361 9336 9457 9366 9408 9342 9424 9443 9408 9413 9486 9449 9457 9381 9391 9467 9446 9449 9423 9464 9428 9476 9525 9516 9489 9464 9541 9520 9547 9525 9539 9547 9575 9608 9601 9602 9626 9589 9594 9625 9579 9583 9564 9603 9574 9613 9675 9657 9632 9779 9668 9682 9730 9801 9689 9808 9765 9715 9705 9791 9767 9770 9778 9788 9759 9806 9838 9769 9851 9823 9869 9834 9796 9923 9846 9852 9851 9822 9915 9934 9862 9901 9951 9937 9944 9903 9977 9982 9981 9989 10009 9980 10019 9966 10005 9982 10077 9998 10004 10122 10044 10049 10082 10060 10061 10019 10077 10068 10149 10124 10086 10129 10128 10050 10096 10098 10097 10115 10153 10164 10125 10153 10116 10125 10164 10256 10179 10180 10188 10155 10160 10202 10202 10281 10246 10260 10231 10280 10251 10248 10281 10218 10311 10252 10294 10338 10336 10289 10343 10349 10320 10360 10323 10380 10356 10337 10343 10359 10479 10461 10393 10446 10430 10465 10456 10424 10479 10441 10469 10473 10444 10530 10501 10502 10545 10579 10570 10530 10529 10539 10508 10550 10576 10551 10637 10631 10564 10600 10656 10564 10576 10604 10685 10614 10639 10620 10610 10623 10628 10708 10635 10653 10696 10678 10757 10728 10690 10675 10653 10722 10705 10747 10771 10734 10748 10763 10729 10771 10838 10841 10796 10769 10799 10806 10824 10851 10827 10802 10842 10837 10815 10825 10858 10900 10874 10915 10842 10873 10930 10921 10903 10897 10939 10873 10956 10990 10877 10962 10966 10931 10938 10941 10989 10980 11006 10957 11023 10996 11012 11015 11033 10989 10994 10995 11042 11008 11022 11107 11038 11079 11082 11011 11027 11054 11104 11117 11061 11072 11075 11041 11079 11125 11193 11196 11088 11163 11140 11105 11130 11126 11231 11233 11247 11168 11264 11231 11208 11213 11264 11269 11307 11233 11239 11293 11316 11308 11344 11342 11354 11285 11286 11361 11407 11331 11361 11337 11311 11377 11410 11375 11456 11410 11350 11371 11420 11459 11452 11386 11432 11448 11414 11480 11460 11485 11465 11439 11466 11484 11574 11505 11471 11519 11482 11623 11547 11575 11589 11591 11649 11548 11614 11572 11650 11576 11654 11583 11652 11636 11671 11639 11661 11737 11687 11647 11693 11691 11654 11693 11683 11725 11706 11669 11722 11736 11732 11769 11800 11727 11857 11808 11784 11870 11793 11761 11805 11842 11835 11789 11859 11841 11924 11925 11822 11889 11881 11881 11899 11900 11862 11910 11877 11923 11904 11977 11964 11993 11956 11933 11981 11995 12031 12005 12012 12019 12021 12049 12093 12040 12035 12060 12067 12115 12086 12137 12164 12205 12191 12125 12131 12174 12183 12254 12205 12210 12229 12219 12240 12278 12224 12268 12257 12291 12320 12359 12328 12389 12301 12358 12407 12355 12374 12413 12380 12405 12380 12414 12413 12418 12462 12391 12432 12457 12412 12448 12470 12511 12435 12483 12446 12529 12550 12483 12552 12480 12524 12526 12590 12579 12551 12530 12531 12570 12544 12603 12585 12617 12602 12553 12601 12608 12603 12610 12566 12608 12691 12570 12613 12659 12673 12640 12677 12703 12689 12627 12711 12768 12731 12783 12761 12788 12784 12774 12770 12773 12852 12754 12788 12746 12791 12825 12801 12864 12836 12792 12847 12825 12922 12956 12877 12843 12976 12909 12904 12898 12920 12880 12948 12942 12943 12947 12919 12975 13024 12974 12995 13042 13037 13029 13055 13057 13076 13009 13099 13152 13100 13044 13066 13127 13101 13197 13185 13104 13178 13160 13163 13186 13225 13180 13219 13238 13241 13218 13258 13227 13256 13220 13237 13250 13262 13261 13342 13274 13240 13342 13257 13342 13261 13313 13288 13418 13376 13320 13354 13356 13385 13371 13406 13411 13378 13349 13389 13415 13395 13408 13369 13433 13438 13450 13474 13395 13455 13455 13420 13414 13463 13515 13499 13483 13490 13509 13511 13491 13506 13555 13558 13479 13482 13637 13590 13605 13570 13610 13595 13647 13616 13666 13646 13619 13579 13638 13693 13649 13606 13733 13695 13661 13761 13764 13716 13699 13794 13778 13768 13819 13747 13782 13805 13809 13813 13895 13930 13825 13865 13907
