20 4 15
5 3 3 4
31 32 18 21 14 12 28 42 19 39 26 19 41 12 43
31 38 23 42 37 10 21 48 19 21 11 30 47 49 44
27 13 43 26 32 26 43 27 39 13 49 20 20 44 46
20 36 31 32 46 33 46 11 49 49 23 26 46 22 24
24 13 14 33 47 37 28 37 14 31 49 50 21 44 45
27 43 35 23 36 45 31 12 28 29 36 38 29 22 25
34 31 24 17 22 27 23 32 34 28 46 30 41 42 23
42 45 34 32 27 13 10 41 10 46 29 10 25 36 22
20 12 11 19 19 15 25 16 31 29 40 26 33 41 46
10 18 48 37 34 23 23 47 42 20 27 44 29 30 40
22 31 45 20 31 12 29 38 39 31 22 26 44 46 21
19 36 15 43 27 37 43 31 45 10 36 32 16 34 39
19 18 17 40 15 15 18 42 19 24 49 47 40 47 43
14 44 45 25 40 49 20 14 32 18 32 37 48 30 17
44 40 38 49 14 34 46 39 36 18 28 36 22 12 36
19 46 43 39 15 10 41 17 25 35 45 40 31 38 47
45 25 43 41 47 24 25 25 31 45 18 22 26 32 42
50 17 37 12 38 40 50 21 47 47 43 40 14 40 32
47 23 44 21 22 17 49 14 36 21 28 10 29 25 16
45 41 10 42 32 13 14 22 14 48 36 33 14 19 48
1 2 3 4 5 6 7 8 9 10 11 12 13 14 15 16 17 18 19 20 21 22 23 24 25 26 27 28 29 30 31 32 33 34 35 36 37 38 39 40 41 42 43 44 45 46 47 48 49 50 51 52 53 54 55 56 57 58 59 60 61 62 63 64 65 66 67 68 69 70 71 72 73 74 75 76 77 78 79 80 81 82 83 84 85 86 87 88 89 90 91 92 93 94 95 96 97 98 99 100 101 102 103 104 105 106 107 108 109 110 111 112 113 114 115 116 117 118 119 120 121 122 123 124 125 126 127 128 129 130 131 132 133 134 135 136 137 138 139 140 141 142 143 144 145 146 147 148 149 150 151 152 153 154 155 156 157 158 159 160 161 162 163 164 165 166 167 168 169 170 171 172 173 174 175 176 177 178 179 180 181 182 183 184 185 186 187 188 189 190 191 192 193 194 195 196 197 198 199 200 201 202 203 204 205 206 207 208 209 210 211 212 213 214 215 216 217 218 219 220 221 222 223 224 225 226 227 228 229 230 231 232 233 234 235 236 237 238 239 240 241 242 243 244 245 246 247 248 249 250 251 252 253 254 255 256 257 258 259 260 261 262 263 264 265 266 267 268 269 270 271 272 273 274 275 276 277 278 279 280 281 282 283 284 285 286 287 288 289 290 291 292 293 294 295 296 297 298 299 300 301 302 303 304 305 306 307 308 309 310 311 312 313 314 315 316 317 318 319 320 321 322 323 324 325 326 327 328 329 330 331 332 333 334 335 336 337 338 339 340 341 342 343 344 345 346 347 348 349 350 351 352 353 354 355 356 357 358 359 360 361 362 363 364 365 366 367 368 369 370 371 372 373 374 375 376 377 378 379 380 381 382 383 384 385 386 387 388 389 390 391 392 393 394 395 396 397 398 399 400 401 402 403 404 405 406 407 408 409 410 411 412 413 414 415 416 417 418 419 420 421 422 423 424 425 426 427 428 429 430 431 432 433 434 435 436 437 438 439 440 441 442 443 444 445 446 447 448 449 450 451 452 453 454 455 456 457 458 459 460 461 462 463 464 465 466 467 468 469 470 471 472 473 474 475 476 477 478 479 480 481 482 483 484 485 486 487 488 489 490 491 492 493 494 495 496 497 498 499 500 501 502 503 504 505 506 507 508 509 510 511 512 513 514 515 516 517 518 519 520 521 522 523 524 525 526 527 528 529 530 531 532 533 534 535 536 537 538 539 540 541 542 543 544 545 546 547 548 549 550 551 552 553 554 555 556 557 558 559 560 561 562 563 564 565 566 567 568 569 570 571 572 573 574 575 576 577 578 579 580 581 582 583 584 585 586 587 588 589 590 591 592 593 594 595 596 597 598 599 600 601 602 603 604 605 606 607 608 609 610 611 612 613 614 615 616 617 618 619 620 621 622 623 624 625 626 627 628 629 630 631 632 633 634 635 636 637 638 639 640 641 642 643 644 645 646 647 648 649 650 651 652 653 654 655 656 657 658 659 660 661 662 663 664 665 666 667 668 669 670 671 672 673 674 675 676 677 678 679 680 681 682 683 684 685 686 687 688 689 690 691 692 693 694 695 696 697 698 699 700 701 702 703 704 705 706 707 708 709 710 711 712 713 714 715 716 717 718 719 720 721 722 723 724 725 726 727 728 729 730 731 732 733 734 735 736 737 738 739 740 741 742 743 744 745 746 747 748 749 750 751 752 753 754 755 756 757 758 759 760 761 762 763 764 765 766 767 768 769 770 771 772 773 774 775 776 777 778 779 780 781 782 783 784 785 786 787 788 789 790 791 792 793 794 795 796 797 798 799 800 801 802 803 804 805 806 807 808 809 810 811 812 813 814 815 816 817 818 819 820 821 822 823 824 825 826 827 828 829 830 831 832 833 834 835 836 837 838 839 840 841 842 843 844 845 846 847 848 849 850 851 852 853 854 855 856 857 858 859 860 861 862 863 864 865 866 867 868 869 870 871 872 873 874 875 876 877 878 879 880 881 882 883 884 885 886 887 888 889 890 891 892 893 894 895 896 897 898 899 900 901 902 903 904 905 906 907 908 909 910 911 912 913 914 915 916 917 918 919 920 921 922 923 924 925 926 927 928 929 930 931 932 933 934 935 936 937 938 939 940 941 942 943 944 945 946 947 948 949 950 951 952 953 954 955 956 957 958 959 960 961 962 963 964 965 966 967 968 969 970 971 972 973 974 975 976 977 978 979 980 981 982 983 984 985 986 987 988 989 990 991 992 993 994 995 996 997 998 999 1000 1001 1002 1003 1004 1005 1006 1007 1008 1009 1010 1011 1012 1013 1014 1015 1016 1017 1018 1019 1020 1021 1022 1023 1024 1025 1026 1027 1028 1029 1030 1031 1032 1033 1034 1035 1036 1037 1038 1039 1040 1041 1042 1043 1044 1045 1046 1047 1048 1049 1050 1051 1052 1053 1054 1055 1056 1057 1058 1059 1060 1061 1062 1063 1064 1065 1066 1067 1068 1069 1070 1071 1072 1073 1074 1075 1076 1077 1078 1079 1080 1081 1082 1083 1084 1085 1086 1087 1088 1089 1090 1091 1092 1093 1094 1095 1096 1097 1098 1099 1100 1101 1102 1103 1104 1105 1106 1107 1108 1109 1110 1111 1112 1113 1114 1115 1116 1117 1118 1119 1120 1121 1122 1123 1124 1125 1126 1127 1128 1129 1130 1131 1132 1133 1134 1135 1136 1137 1138 1139 1140 1141 1142 1143 1144 1145 1146 1147 1148 1149 1150 1151 1152 1153 1154 1155 1156 1157 1158 1159 1160 1161 1162 1163 1164 1165 1166 1167 1168 1169 1170 1171 1172 1173 1174 1175 1176 1177 1178 1179 1180 1181 1182 1183 1184 1185 1186 1187 1188 1189 1190 1191 1192 1193 1194 1195 1196 1197 1198 1199 1200 1201 1202 1203 1204 1205 1206 1207 1208 1209 1210 1211 1212 1213 1214 1215 1216 1217 1218 1219 1220 1221 1222 1223 1224 1225 1226 1227 1228 1229 1230 1231 1232 1233 1234 1235 1236 1237 1238 1239 1240 1241 1242 1243 1244 1245 1246 1247 1248 1249 1250 1251 1252 1253 1254 1255 1256 1257 1258 1259 1260 1261 1262 1263 1264 1265 1266 1267 1268 1269 1270 1271 1272 1273 1274 1275 1276 1277 1278 1279 1280 1281 1282 1283 1284 1285 1286 1287 1288 1289 1290 1291 1292 1293 1294 1295 1296 1297 1298 1299 1300 1301 1302 1303 1304 1305 1306 1307 1308 1309 1310 1311 1312 1313 1314 1315 1316 1317 1318 1319 1320 1321 1322 1323 1324 1325 1326 1327 1328 1329 1330 1331 1332 1333 1334 1335 1336 1337 1338 1339 1340 1341 1342 1343 1344 1345 1346 1347 1348 1349 1350 1351 1352 1353 1354 1355 1356 1357 1358 1359 1360 1361 1362 1363 1364 1365 1366 1367 1368 1369 1370 1371 1372 1373 1374 1375 1376 1377 1378 1379 1380 1381 1382 1383 1384 1385 1386 1387 1388 1389 1390 1391 1392 1393 1394 1395 1396 1397 1398 1399 1400 1401 1402 1403 1404 1405 1406 1407 1408 1409 1410 1411 1412 1413 1414 1415 1416 1417 1418 1419 1420 1421 1422 1423 1424 1425 1426 1427 1428 1429 1430 1431 1432 1433 1434 1435 1436 1437 1438 1439 1440 1441 1442 1443 1444 1445 1446 1447 1448 1449 1450 1451 1452 1453 1454 1455 1456 1457 1458 1459 1460 1461 1462 1463 1464 1465 1466 1467 1468 1469 1470 1471 1472 1473 1474 1475 1476 1477 1478 1479 1480 1481 1482 1483 1484 1485 1486 1487 1488 1489 1490 1491 1492 1493 1494 1495 1496 1497 1498 1499 1500 1501 1502 1503 1504 1505 1506 1507 1508 1509 1510 1511 1512 1513 1514 1515 1516 1517 1518 1519 1520 1521 1522 1523 1524 1525 1526 1527 1528 1529 1530 1531 1532 1533 1534 1535 1536 1537 1538 1539 1540 1541 1542 1543 1544 1545 1546 1547 1548 1549 1550 1551 1552 1553 1554 1555 1556 1557 1558 1559 1560 1561 1562 1563 1564 1565 1566 1567 1568 1569 1570 1571 1572 1573 1574 1575 1576 1577 1578 1579 1580 1581 1582 1583 1584 1585 1586 1587 1588 1589 1590 1591 1592 1593 1594 1595 1596 1597 1598 1599 1600 1601 1602 1603 1604 1605 1606 1607 1608 1609 1610 1611 1612 1613 1614 1615 1616 1617 1618 1619 1620 1621 1622 1623 1624 1625 1626 1627 1628 1629 1630 1631 1632 1633 1634 1635 1636 1637 1638 1639 1640 1641 1642 1643 1644 1645 1646 1647 1648 1649 1650 1651 1652 1653 1654 1655 1656 1657 1658 1659 1660 1661 1662 1663 1664 1665 1666 1667 1668 1669 1670 1671 1672 1673 1674 1675 1676 1677 1678 1679 1680 1681 1682 1683 1684 1685 1686 1687 1688 1689 1690 1691 1692 1693 1694 1695 1696 1697 1698 1699 1700 1701 1702 1703 1704 1705 1706 1707 1708 1709 1710 1711 1712 1713 1714 1715 1716 1717 1718 1719 1720 1721 1722 1723 1724 1725 1726 1727 1728 1729 1730 1731 1732 1733 1734 1735 1736 1737 1738 1739 1740 1741 1742 1743 1744 1745 1746 1747 1748 1749 1750 1751 1752 1753 1754 1755 1756 1757 1758 1759 1760 1761 1762 1763 1764 1765 1766 1767 1768 1769 1770 1771 1772 1773 1774 1775 1776 1777 1778 1779 1780 1781 1782 1783 1784 1785 1786 1787 1788 1789 1790 1791 1792 1793 1794 1795 1796 1797 1798 1799 1800 1801 1802 1803 1804 1805 1806 1807 1808 1809 1810 1811 1812 1813 1814 1815 1816 1817 1818 1819 1820 1821 1822 1823 1824 1825 1826 1827 1828 1829 1830 1831 1832 1833 1834 1835 1836 1837 1838 1839 1840 1841 1842 1843 1844 1845 1846 1847 1848 1849 1850 1851 1852 1853 1854 1855 1856 1857 1858 1859 1860 1861 1862 1863 1864 1865 1866 1867 1868 1869 1870 1871 1872 1873 1874 1875 1876 1877 1878 1879 1880 1881 1882 1883 1884 1885 1886 1887 1888 1889 1890 1891 1892 1893 1894 1895 1896 1897 1898 1899 1900 1901 1902 1903 1904 1905 1906 1907 1908 1909 1910 1911 1912 1913 1914 1915 1916 1917 1918 1919 1920 1921 1922 1923 1924 1925 1926 1927 1928 1929 1930 1931 1932 1933 1934 1935 1936 1937 1938 1939 1940 1941 1942 1943 1944 1945 1946 1947 1948 1949 1950 1951 1952 1953 1954 1955 1956 1957 1958 1959 1960 1961 1962 1963 1964 1965 1966 1967 1968 1969 1970 1971 1972 1973 1974 1975 1976 1977 1978 1979 1980 1981 1982 1983 1984 1985 1986 1987 1988 1989 1990 1991 1992 1993 1994 1995 1996 1997 1998 1999 2000
7 3 9 6 9 12 2 3 5 9 2 10 1 12 18 7 0 2 5 5 0 1 16 3 13 2 16 12 9 13 11 3 8 18 1 17 16 1 2 10 12 9 3 7 16 10 1 14 13 11 15 4 11 13 19 12 11 10 9 15 12 9 17 8 11 18 18 6 14 10 8 17 7 18 14 13 3 6 15 0 13 0 13 9 7 2 5 8 15 12 4 3 5 8 12 2 0 4 15 9 11 16 6 2 11 13 2 1 6 16 0 2 18 7 11 9 2 19 1 11 8 13 0 12 5 18 10 13 17 10 18 9 13 2 4 18 19 6 13 8 2 19 12 19 19 9 10 18 6 11 0 18 14 4 18 5 11 2 9 17 6 9 16 19 7 9 19 15 1 14 11 19 15 2 13 5 6 17 2 11 8 14 4 13 1 18 2 5 11 10 5 2 11 19 1 3 4 3 2 1 19 12 3 6 13 4 10 7 14 5 6 6 17 17 18 3 6 5 10 13 0 16 12 10 8 9 16 15 5 5 12 14 1 8 11 3 17 5 15 1 19 1 12 3 12 17 14 15 7 3 2 0 2 4 7 18 1 3 8 0 0 5 5 2 8 19 7 13 3 2 1 0 19 2 0 15 0 12 17 3 16 2 2 9 6 3 15 3 8 6 16 7 6 17 17 18 17 19 19 9 0 9 7 17 15 6 11 3 6 10 9 17 11 3 11 6 6 6 17 19 17 2 1 3 0 2 10 19 0 7 19 19 10 3 1 12 11 16 0 14 14 11 0 0 0 1 3 0 10 19 0 16 19 11 16 15 7 2 13 11 19 3 15 10 14 12 18 5 14 3 14 0 13 3 8 11 15 13 15 11 9 2 2 15 1 13 10 19 0 1 9 11 16 9 2 9 15 8 2 16 12 10 6 8 15 4 12 19 2 0 0 11 6 5 3 11 19 4 0 15 15 10 3 5 0 11 9 6 1 2 2 3 6 17 3 9 9 10 9 16 7 12 2 8 5 18 10 6 1 8 4 2 7 13 13 18 17 2 12 15 9 12 6 15 6 19 9 11 9 4 5 2 6 12 18 4 11 11 13 0 1 8 12 17 11 14 13 9 8 4 0 0 0 3 19 14 15 4 12 13 4 4 18 4 3 4 6 18 1 4 12 18 18 10 15 15 3 1 19 17 8 8 11 7 9 0 17 8 12 5 5 3 11 3 7 11 15 19 4 5 14 0 7 17 17 16 6 6 19 19 4 5 5 5 8 4 4 2 16 8 15 10 17 10 4 8 2 4 10 0 19 13 1 16 14 1 10 12 8 16 9 5 9 5 1 4 4 18 17 13 12 5 13 1 15 2 0 5 19 12 11 4 12 6 16 0 7 19 0 10 3 4 19 0 13 6 7 3 18 9 12 7 17 6 1 4 6 9 18 13 16 4 15 14 6 5 6 11 1 18 7 3 7 17 16 10 4 11 19 14 9 9 6 8 17 4 7 7 16 11 9 6 12 17 8 17 11 8 13 14 11 9 1 12 19 10 11 1 2 13 16 2 4 4 4 12 2 15 1 19 13 17 1 3 17 5 1 19 17 17 5 14 6 19 9 9 6 15 19 11 19 18 9 7 13 18 19 6 17 1 2 12 8 1 15 0 19 5 17 8 16 5 8 13 0 0 12 9 15 11 2 9 14 3 0 16 3 9 11 7 19 9 10 9 4 13 8 6 0 7 1 11 5 6 7 3 0 11 9 14 15 9 11 12 0 10 3 17 6 8 18 10 19 7 6 1 10 17 17 15 14 13 1 3 13 15 1 0 3 14 6 14 15 14 6 2 14 2 17 7 19 3 16 2 9 8 10 1 16 14 8 13 0 6 0 7 2 1 9 15 19 12 14 9 6 11 7 0 16 3 19 13 18 17 2 18 12 18 2 3 3 4 5 3 10 4 1 17 9 10 14 0 11 6 1 11 11 18 10 2 6 16 7 10 1 13 14 7 9 11 1 18 13 6 5 4 3 1 5 16 15 18 19 6 13 12 18 8 5 7 17 2 5 13 13 14 3 0 10 11 1 7 16 11 10 4 16 5 8 7 1 9 10 7 0 17 18 12 17 13 5 2 16 6 17 5 13 11 15 10 0 8 11 10 2 15 4 3 12 7 19 16 17 8 12 19 8 12 1 17 14 3 13 11 6 9 9 2 6 3 15 13 4 4 6 14 8 4 19 16 0 6 6 19 12 1 9 14 1 14 15 6 1 5 14 8 13 8 10 10 7 5 4 0 16 18 5 16 5 7 4 16 19 6 5 2 9 14 12 8 17 6 8 19 19 14 9 0 16 11 16 6 2 2 2 16 8 11 5 1 11 17 2 16 16 6 12 4 7 1 5 17 3 6 12 10 10 3 13 13 4 6 12 0 19 18 3 15 10 5 11 13 19 16 19 16 14 16 2 18 4 0 6 6 19 10 8 6 17 11 11 18 17 2 16 19 13 14 0 1 7 17 5 8 14 3 14 6 4 9 7 16 7 18 2 1 0 3 12 12 11 13 8 8 13 11 10 11 4 10 14 9 19 18 12 1 9 17 0 12 19 11 19 2 3 0 0 6 8 15 19 10 9 5 7 5 17 5 15 15 3 8 19 14 14 2 7 12 14 15 8 9 11 8 12 4 3 6 3 15 9 18 2 3 15 17 7 0 6 16 9 6 8 13 7 4 19 16 13 15 3 15 4 9 6 19 0 9 12 0 15 15 19 3 3 11 16 12 18 16 15 9 3 16 13 14 17 13 12 3 13 19 6 14 17 1 3 13 16 2 1 6 1 8 19 13 13 1 7 14 17 12 9 2 12 15 7 2 5 19 17 9 10 10 16 8 18 10 12 12 16 2 8 14 12 18 5 16 9 18 5 7 17 15 3 16 11 17 8 16 12 13 2 11 0 6 11 16 4 6 9 2 3 19 6 0 12 12 15 15 0 4 18 11 18 19 16 3 8 16 14 10 4 10 14 18 13 18 19 11 17 6 18 7 10 17 13 6 0 10 16 2 19 8 16 0 5 9 12 18 1 15 14 13 12 1 8 11 2 17 6 7 3 5 13 15 19 18 5 1 12 13 3 8 5 17 4 17 2 19 11 4 1 2 12 4 15 12 10 18 10 4 14 17 6 3 4 0 9 1 5 14 18 14 15 18 5 9 17 14 18 6 4 12 3 4 5 6 9 18 18 3 3 2 18 12 14 8 18 12 6 9 9 10 15 12 10 10 19 3 1 2 15 12 5 3 10 17 10 10 12 2 15 12 18 9 0 5 13 14 3 2 14 16 19 19 19 0 16 12 9 2 15 4 19 10 12 7 0 13 7 6 4 6 17 14 9 17 6 0 10 3 3 15 17 10 17 18 11 17 13 3 19 11 3 19 18 8 1 1 14 15 15 8 10 11 13 0 1 17 5 14 12 10 17 18 15 5 1 14 12 4 3 16 8 18 1 3 3 0 12 0 4 5 11 18 8 18 17 7 5 19 9 4 9 10 12 2 19 3 11 7 3 8 3 8 15 5 17 7 3 18 15 5 9 14 12 7 16 12 12 18 14 11 9 0 4 6 6 18 5 1 17 3 15 4 3 6 9 8 17 4 14 4 13 12 0 11 14 19 18 7 6 14 12 6 11 17 1 18 3 2 10 15 19 19 18 5 12 6 4 5 16 19 12 7 5 8 13 13 6 9 4 8 13 5 9 1 2 8 4 13 5 17 4 1 11 7 2 12 19 10 2 16 8 6 10 1 9 6 16 15 1 10 8 17 11 7 5 6 3 10 17 19 17 13 4 14 6 4 12 7 1 5 1 18 13 15 4 13 0 6 3 19 6 5 2 19 6 5 7 14 5 0 5 7 18 16 8 12 13 10 6 9 6 0 16 8 12 11 12 10 1 16 2 5 18 16 15 19 11 1 14 17 2 5 10 1 2 6 11 4 15 1 4 7 14 10 12 16 9 6 9 3 6 13 14 16 18 19 8 19 18 1 18 0 10 11 12 3 10 14 19 4 1 15 19 3 0 4 15 9 16 6 12 14 4 19 17 13 13 11 7 19 9 11 15 2 12 12 3 7 1 19 10 2 3 13 11 7 6 9 18 11 14 4 9 17 1 18 2 8 7 1 4 10 8 11 7 1 7 4 4 2 16 19 7 13 5 7 0 13 16 8 9 8 8 8 19 17 14 5 5 3 19 12 15 1 9 10 12 0 7 9 3 19 17 18 15 9 14 6 4 15 11 11 0 3 14 1 15 11 11 16 15 10 12 5 12 2 5 1 13 8 16 9 14 14 11 9 2 14 16 4 10 8 2 12 5 14 17 4 4 19 17 15 3 8 1 16 17 10 7 5 11 19 10 11 12 6 9 0 14 7 10 4 15 6 11 2 13 7 8 9 3 3 6 1 3 1 7 4 14 0 12 19 8 15 14 17 19 6 13 14 5 8 4 14 1 17 13 10 12 9 3 8 16 14 1 7 2 13 1 8 8 8 13 12 17 2
3 4 11 34 38 40 43 59 60 70 79 91 92 106 109 110 114 120 128 130 131 137 139 157 158 184 189 197 200 215 229 235 238 245 270 271 305 322 323 334 336 340 363 367 370 380 391 395 397 411 414 420 432 443 444 445 454 455 456 461 462 486 494 496 506 512 514 524 537 540 541 542 555 558 566 568 584 585 590 591 596 624 634 650 652 666 672 690 691 697 698 704 717 723 725 726 736 747 758 762 764 781 782 784 793 801 805 807 809 830 831 832 836 848 857 858 864 880 882 883 900 906 908 918 920 926 927 928 932 935 939 949 956 960 964 965 966 967 970 974 976 986 987 1000 1008 1009 1020 1072 1074 1075 1076 1077 1078 1081 1084 1087 1088 1097 1107 1113 1114 1115 1132 1151 1157 1160 1164 1165 1171 1196 1198 1200 1207 1212 1224 1225 1226 1227 1228 1234 1239 1246 1250 1252 1264 1274 1283 1291 1296 1309 1319 1338 1373 1379 1384 1386 1393 1394 1396 1410 1412 1421 1426 1432 1442 1444 1457 1487 1499 1503 1529 1536 1541 1550 1574 1576 1585 1591 1592 1616 1617 1619 1622 1633 1635 1650 1664 1666 1668 1671 1676 1681 1682 1688 1699 1709 1713 1717 1725 1733 1760 1765 1780 1785 1789 1795 1797 1799 1800 1805 1808 1809 1814 1819 1832 1840 1849 1850 1860 1861 1879 1892 1899 1900 1901 1904 1905 1914 1921 1922 1923 1924 1932 1947 1952 1953 1968 1985 1994 1997 2000 2012 2020 2021 2027 2028 2029 2031 2036 2037 2046 2060 2068 2070 2071 2079 2081 2083 2084 2094 2097 2118 2132 2136 2141 2142 2157 2167 2178 2183 2186 2187 2203 2210 2214 2217 2219 2224 2243 2259 2267 2268 2269 2270 2273 2274 2279 2280 2282 2293 2298 2299 2300 2301 2303 2312 2313 2323 2328 2335 2336 2343 2348 2370 2375 2376 2378 2379 2403 2406 2408 2410 2421 2425 2429 2431 2432 2433 2436 2438 2439 2440 2441 2453 2454 2462 2495 2514 2515 2524 2533 2540 2541 2560 2561 2571 2572 2576 2584 2603 2605 2610 2619 2622 2628 2645 2647 2656 2662 2663 2674 2682 2684 2689 2691 2693 2697 2698 2701 2703 2724 2738 2750 2758 2763 2765 2769 2770 2772 2788 2791 2793 2794 2795 2811 2814 2819 2822 2827 2829 2833 2850 2856 2867 2869 2875 2879 2890 2892 2895 2897 2906 2914 2918 2919 2920 2922 2928 2946 2952 2955 2971 2976 2982 2999 3010 3027 3032 3060 3065 3074 3089 3090 3098 3105 3128 3132 3133 3136 3161 3175 3179 3192 3194 3196 3208 3221 3228 3241 3252 3253 3255 3257 3268 3270 3273 3275 3276 3277 3278 3280 3293 3305 3306 3307 3319 3321 3333 3337 3349 3350 3351 3356 3357 3358 3362 3365 3366 3372 3384 3391 3424 3425 3428 3434 3437 3440 3443 3448 3451 3461 3463 3466 3471 3473 3477 3481 3486 3498 3500 3501 3504 3505 3506 3533 3537 3549 3553 3554 3556 3557 3559 3591 3594 3616 3618 3625 3628 3629 3631 3636 3637 3638 3645 3657 3661 3670 3673 3694 3697 3709 3717 3719 3723 3726 3732 3733 3734 3735 3740 3747 3762 3765 3766 3774 3778 3788 3798 3799 3806 3816 3831 3836 3841 3850 3857 3861 3864 3871 3872 3880 3898 3915 3925 3934 3946 3955 3980 3983 3984 3985 3988 3997 4009 4010 4037 4045 4058 4067 4070 4075 4076 4083 4087 4110 4119 4120 4121 4126 4142 4153 4168 4169 4178 4182 4187 4189 4190 4206 4208 4209 4216 4217 4223 4224 4227 4250 4261 4281 4287 4291 4297 4298 4301 4302 4308 4320 4321 4328 4349 4357 4362 4367 4368 4376 4381 4387 4417 4439 4441 4443 4449 4452 4454 4466 4470 4483 4512 4527 4529 4531 4533 4535 4542 4554 4562 4577 4582 4583 4587 4588 4594 4595 4596 4598 4608 4609 4613 4614 4615 4616 4617 4618 4619 4620 4621 4636 4641 4644 4647 4660 4661 4676 4681 4688 4689 4691 4704 4707 4713 4724 4726 4742 4744 4746 4755 4768 4770 4771 4779 4781 4782 4786 4796 4810 4831 4838 4839 4840 4869 4875 4876 4887 4890 4913 4926 4929 4935 4936 4950 4951 4952 4967 4970 4976 4977 4980 4985 4986 4995 5004 5009 5013 5016 5021 5043 5051 5052 5053 5071 5074 5084 5091 5093 5094 5095 5097 5100 5101 5104 5127 5133 5135 5139 5142 5157 5160 5172 5182 5183 5193 5195 5201 5204 5212 5222 5237 5260 5272 5277 5282 5302 5305 5309 5318 5324 5331 5335 5338 5343 5347 5356 5384 5402 5408 5427 5438 5439 5441 5456 5465 5474 5492 5495 5498 5501 5518 5522 5530 5538 5542 5545 5547 5549 5551 5557 5559 5567 5570 5580 5588 5590 5594 5601 5602 5612 5625 5656 5666 5671 5673 5684 5693 5700 5714 5721 5725 5735 5736 5737 5740 5750 5755 5762 5766 5770 5776 5781 5790 5792 5801 5804 5811 5814 5818 5822 5824 5831 5837 5838 5842 5844 5848 5856 5871 5875 5876 5877 5878 5894 5899 5900 5907 5911 5913 5950 5954 5958 5965 5978 5995 5996 6000 6005 6006 6012 6024 6027 6035 6037 6048 6052 6082 6106 6107 6111 6130 6134 6139 6146 6148 6150 6158 6166 6172 6175 6176 6184 6197 6206 6225 6226 6230 6271 6273 6275 6276 6277 6289 6316 6329 6337 6348 6363 6368 6370 6375 6385 6399 6420 6431 6433 6439 6442 6458 6474 6476 6499 6503 6508 6509 6510 6521 6524 6534 6542 6547 6557 6565 6568 6575 6599 6604 6631 6632 6638 6648 6651 6653 6654 6660 6665 6666 6681 6699 6701 6706 6717 6718 6720 6726 6730 6744 6753 6754 6760 6762 6778 6780 6789 6803 6809 6814 6817 6828 6837 6838 6851 6857 6860 6871 6885 6887 6888 6890 6895 6902 6909 6914 6930 6931 6932 6933 6937 6938 6939 6940 6947 6948 6951 6956 6962 6968 6975 7001 7005 7015 7020 7030 7032 7050 7051 7052 7063 7066 7072 7077 7103 7122 7131 7144 7145 7148 7151 7156 7159 7163 7184 7200 7201 7204 7210 7213 7217 7242 7254 7260 7261 7266 7267 7268 7272 7310 7314 7317 7318 7338 7352 7362 7366 7367 7369 7370 7378 7384 7403 7405 7407 7413 7450 7464 7470 7471 7477 7478 7493 7502 7510 7519 7537 7546 7551 7554 7558 7562 7567 7568 7573 7579 7595 7601 7614 7617 7618 7620 7621 7626 7627 7649 7661 7670 7673 7675 7684 7709 7720 7725 7735 7736 7737 7739 7744 7745 7767 7768 7777 7779 7788 7836 7843 7855 7856 7869 7871 7874 7875 7876 7890 7893 7899 7901 7915 7922 7924 7932 7939 7948 7955 7957 7959 7965 7970 7971 7976 7983 7986 7990 7994 8008 8009 8011 8018 8026 8038 8039 8042 8047 8056 8058 8059 8060 8091 8092 8103 8115 8133 8138 8143 8144 8148 8150 8155 8158 8165 8181 8182 8186 8194 8196 8208 8209 8210 8220 8225 8227 8236 8252 8260 8270 8275 8276 8284 8289 8290 8292 8299 8308 8309 8314 8325 8329 8339 8343 8344 8346 8349 8361 8367 8368 8370 8371 8377 8382 8383 8386 8388 8406 8426 8440 8448 8467 8480 8483 8493 8502 8510 8521 8522 8528 8530 8535 8546 8549 8558 8566 8574 8598 8604 8619 8625 8647 8648 8649 8651 8672 8675 8679 8700 8701 8702 8705 8706 8722 8728 8735 8740 8758 8779 8798 8801 8803 8805 8806 8809 8816 8827 8830 8838 8839 8846 8855 8870 8871 8875 8877 8899 8904 8911 8932 8939 8949 8950 8966 8967 8979 9010 9013 9014 9015 9019 9023 9028 9029 9030 9033 9042 9060 9064 9065 9082 9093 9096 9097 9103 9106 9107 9110 9133 9135 9143 9145 9149 9151 9165 9173 9180 9194 9207 9210 9214 9221 9222 9223 9224 9226 9229 9230 9234 9250 9256 9257 9261 9264 9265 9267 9268 9274 9275 9283 9294 9313 9317 9319 9341 9344 9350 9357 9360 9384 9386 9390 9395 9400 9407 9427 9428 9457 9462 9466 9469 9474 9478 9482 9487 9496 9497 9498 9507 9521 9533 9540 9587 9589 9591 9597 9599 9608 9609 9612 9614 9615 9624 9655 9658 9664 9670 9674 9676 9679 9680 9682 9686 9687 9690 9693 9698 9705 9706 9715 9727 9737 9738 9741 9754 9763 9776 9788 9790 9794 9799 9800 9817 9818 9823 9824 9833 9837 9839 9842 9845 9846 9855 9860 9863 9875 9877 9893 9900 9901 9922 9930 9931 9941 9942 9943 9950 9967 9977 9978 9983 9996 10013 10015 10020 10021 10022 10030 10033 10039 10052 10061 10073 10079 10087 10093 10099 10107 10111 10120 10140 10145 10154 10155 10156 10160 10168 10173 10174 10178 10182 10187 10209 10218 10219 10235 10239 10248 10254 10259 10265 10273 10274 10282 10295 10297 10323 10325 10329 10330 10332 10351 10355 10357 10367 10378 10382 10406 10408 10409 10419 10424 10432 10437 10446 10450 10455 10458 10464 10465 10466 10473 10476 10479 10480 10481 10489 10494 10495 10498 10500 10518 10519 10524 10527 10529 10551 10558 10563 10565 10567 10568 10571 10579 10581 10582 10591 10592 10601 10602 10603 10604 10606 10607 10625 10626 10628 10629 10630 10638 10648 10650 10668 10670 10671 10677 10681 10682 10688 10690 10694 10703 10724 10728 10752 10753 10755 10768 10773 10774 10775 10778 10781 10786 10791 10796 10801 10804 10814 10823 10830 10831 10848 10849 10852 10853 10856 10857 10859 10869 10872 10873 10879 10886 10894 10900 10922 10927 10931 10941 10942 10962 10966 10975 10979 10985 10991 10997 11004 11013 11017 11020 11023 11025 11034 11035 11049 11062 11063 11064 11066 11079 11083 11099 11103 11106 11116 11125 11144 11166 11180 11185 11186 11202 11209 11210 11220 11221 11247 11276 11279 11287 11302 11311 11316 11317 11320 11329 11330 11339 11344 11346 11347 11348 11363 11366 11379 11395 11396 11405 11406 11407 11413 11414 11423 11427 11449 11454 11459 11465 11467 11476 11482 11486 11498 11508 11519 11539 11541 11562 11569 11572 11581 11593 11600 11605 11612 11614 11620 11623 11628 11631 11633 11635 11645 11646 11651 11663 11667 11671 11680 11689 11699 11704 11735 11745 11746 11747 11748 11752 11754 11759 11766 11772 11785 11788 11805 11812 11827 11833 11841 11844 11846 11849 11857 11869 11872 11883 11898 11906 11912 11913 11921 11924 11929 11934 11939 11954 11956 11975 11992 12009 12010 12018 12019 12022 12031 12039 12041 12049 12051 12056 12059 12069 12087 12089 12092 12101 12104 12111 12115 12116 12117 12119 12146 12147 12155 12180 12181 12185 12195 12198 12202 12205 12208 12210 12227 12244 12257 12263 12264 12275 12277 12278 12279 12284 12286 12288 12289 12290 12296 12301 12302 12303 12305 12308 12309 12311 12323 12329 12330 12331 12332 12334 12335 12340 12343 12347 12356 12358 12372 12390 12398 12401 12409 12424 12441 12443 12448 12450 12460 12461 12462 12479 12480 12484 12485 12487 12492 12498 12499 12500 12501 12505 12509 12514 12518 12532 12545 12546 12557 12574 12575 12595 12596 12597 12599 12600 12627 12638 12646 12650 12664 12669 12684 12688 12690 12697 12698 12709 12717 12725 12735 12738 12758 12759 12762 12763 12767 12769 12772 12778 12780 12784 12791 12795 12802 12808 12820 12844 12847 12857 12860 12877 12885 12892 12893 12901 12903 12904 12907 12915 12918 12919 12924 12929 12932 12947 12967 12968 12969 12972 12984 12985 13000 13002 13015 13016 13019 13020 13025 13034 13037 13042 13045 13057 13060 13069 13078 13079 13091 13118 13123 13131 13132 13154 13155 13162 13177 13194 13208 13215 13227 13229 13231 13237 13240 13246 13270 13274 13278 13280 13281 13294 13303 13310 13327 13330 13332 13344 13345 13351 13352 13354 13362 13366 13367 13386 13390 13393 13411 13417 13419 13424 13425 13428 13431 13461 13479 13488 13494 13496 13518 13521 13549 13569 13578 13584 13586 13595 13601 13602 13604 13626 13627 13628 13637 13638 13642 13652 13672 13676 13679 13683 13687 13691 13693 13694 13698 13700 13705
220 269 262 279 289 283 295 324 303 321 331 333 332 349 321 327 328 372 371 373 345 377 392 422 401 436 442 440 451 458 480 500 447 457 510 560 558 562 575 576 579 591 628 584 623 622 631 656 640 662 672 683 683 686 667 688 705 697 707 719 705 737 783 705 757 724 726 769 798 782 750 831 772 770 827 811 849 830 848 805 839 838 877 901 869 918 915 899 949 940 961 969 960 932 968 978 950 1010 1016 1013 1015 1034 1027 1036 1044 1044 1057 1047 1054 1083 1045 1084 1048 1065 1108 1109 1116 1103 1122 1134 1109 1149 1122 1161 1163 1138 1169 1171 1221 1177 1151 1200 1199 1212 1227 1177 1189 1212 1213 1183 1228 1209 1230 1223 1231 1260 1262 1284 1319 1326 1290 1289 1339 1344 1296 1330 1339 1349 1358 1402 1359 1366 1385 1374 1374 1411 1387 1423 1411 1457 1449 1423 1465 1464 1467 1468 1471 1516 1480 1485 1448 1507 1513 1495 1504 1486 1535 1534 1547 1551 1562 1590 1624 1602 1624 1651 1656 1659 1648 1650 1635 1664 1691 1677 1685 1707 1699 1704 1760 1746 1774 1781 1830 1839 1786 1841 1830 1834 1834 1859 1831 1872 1865 1875 1844 1901 1917 1924 1911 1914 1919 1942 1922 1897 1950 1974 2002 1960 1983 1973 1983 2005 2023 2050 2032 2084 2058 2057 2017 2070 2060 2023 2066 2082 2049 2052 2089 2115 2069 2075 2093 2135 2142 2152 2110 2127 2122 2157 2186 2174 2163 2138 2155 2199 2166 2211 2182 2228 2283 2262 2253 2264 2272 2272 2272 2293 2287 2296 2245 2282 2299 2277 2313 2359 2360 2291 2370 2306 2307 2345 2311 2369 2349 2425 2399 2387 2408 2432 2423 2425 2437 2476 2454 2475 2465 2462 2464 2469 2532 2482 2556 2520 2509 2535 2487 2526 2521 2503 2496 2510 2521 2522 2542 2566 2543 2555 2564 2576 2542 2596 2597 2594 2562 2584 2589 2616 2643 2593 2645 2629 2622 2663 2644 2676 2682 2689 2649 2685 2679 2689 2662 2705 2699 2695 2715 2705 2707 2757 2776 2789 2794 2754 2784 2825 2770 2822 2830 2819 2842 2854 2856 2862 2871 2880 2868 2888 2889 2879 2876 2903 2925 2933 2937 2940 2943 2944 2955 2907 2953 2956 2967 2980 2995 2967 3021 3028 3012 2993 3024 3002 3005 3044 3039 3038 3076 3065 3042 3085 3041 3087 3091 3092 3121 3110 3083 3126 3130 3135 3132 3147 3149 3171 3159 3207 3184 3171 3173 3170 3197 3205 3172 3214 3228 3191 3242 3222 3269 3277 3300 3274 3337 3341 3307 3341 3348 3340 3421 3385 3379 3419 3426 3422 3437 3452 3441 3431 3472 3479 3492 3515 3496 3507 3502 3511 3482 3536 3526 3527 3520 3492 3520 3502 3548 3595 3558 3580 3564 3584 3546 3612 3564 3565 3570 3622 3581 3623 3623 3629 3615 3627 3654 3687 3637 3691 3699 3700 3685 3655 3688 3714 3704 3675 3678 3713 3731 3735 3746 3726 3721 3789 3710 3713 3756 3723 3784 3751 3838 3762 3797 3799 3800 3824 3842 3859 3833 3869 3883 3851 3892 3874 3897 3851 3855 3934 3946 3914 3915 3918 3917 3920 3972 3960 3962 3966 3935 3995 3996 3986 3988 3949 4005 4004 4054 4008 4037 3987 4040 4061 4041 4020 4039 4074 4076 4094 4111 4097 4103 4107 4080 4125 4131 4141 4166 4168 4174 4209 4218 4192 4272 4227 4228 4231 4240 4249 4268 4289 4259 4301 4290 4313 4326 4339 4326 4332 4363 4333 4337 4344 4340 4384 4418 4431 4392 4392 4425 4432 4406 4455 4418 4459 4452 4433 4506 4468 4464 4490 4495 4512 4493 4530 4544 4560 4556 4562 4547 4551 4565 4572 4568 4561 4574 4627 4584 4657 4629 4623 4650 4668 4662 4702 4694 4700 4697 4663 4755 4733 4700 4729 4780 4780 4782 4778 4778 4831 4763 4851 4828 4791 4826 4848 4839 4845 4835 4839 4821 4850 4860 4853 4866 4858 4869 4869 4881 4882 4883 4864 4888 4899 4884 4870 4903 4950 4916 4946 4977 4932 4931 4927 4996 5002 4967 4987 4987 4967 4997 5006 5013 5028 4994 5030 5004 4994 5037 5013 5053 5043 5061 5084 5129 5109 5127 5119 5096 5130 5171 5140 5152 5178 5225 5159 5204 5195 5176 5213 5190 5191 5223 5236 5244 5246 5256 5260 5274 5281 5235 5296 5316 5303 5304 5288 5297 5335 5333 5344 5357 5338 5306 5345 5315 5321 5367 5384 5378 5384 5359 5422 5374 5423 5433 5444 5451 5446 5452 5447 5426 5464 5502 5549 5517 5486 5494 5544 5528 5526 5563 5564 5573 5624 5627 5601 5608 5599 5624 5667 5651 5685 5678 5653 5706 5717 5710 5735 5750 5756 5743 5753 5779 5774 5819 5755 5765 5810 5800 5801 5802 5766 5801 5807 5823 5841 5797 5833 5808 5846 5816 5829 5877 5896 5917 5929 5896 5927 5954 5951 5959 5972 5942 5949 5989 6002 5963 5993 5967 6051 6018 5982 6019 5993 6042 6057 6066 6067 6054 6079 6060 6085 6064 6120 6088 6080 6103 6058 6099 6101 6111 6126 6127 6089 6120 6146 6144 6153 6124 6153 6153 6193 6215 6175 6216 6229 6235 6208 6243 6250 6249 6275 6289 6267 6278 6290 6306 6264 6305 6351 6350 6354 6342 6343 6382 6363 6437 6402 6401 6409 6415 6436 6441 6398 6439 6457 6465 6443 6483 6522 6515 6538 6529 6520 6498 6533 6569 6588 6590 6580 6582 6659 6587 6628 6688 6663 6674 6685 6692 6687 6747 6717 6719 6750 6761 6750 6723 6719 6772 6766 6786 6800 6810 6822 6808 6785 6798 6852 6893 6840 6875 6861 6857 6894 6893 6943 6921 6930 6909 6932 6944 6952 6957 6969 6963 6985 6984 6973 7007 7016 6999 7021 6971 7041 7003 7042 7017 7054 7059 7040 7071 7077 7089 7112 7097 7121 7129 7130 7127 7131 7151 7104 7145 7118 7156 7172 7148 7175 7196 7151 7191 7151 7183 7200 7191 7168 7219 7215 7191 7220 7244 7257 7266 7281 7273 7241 7339 7296 7261 7286 7289 7333 7328 7317 7375 7382 7397 7390 7400 7403 7408 7412 7372 7435 7443 7441 7455 7499 7465 7470 7495 7499 7503 7524 7483 7507 7511 7561 7575 7559 7560 7560 7580 7617 7605 7609 7630 7614 7613 7592 7607 7615 7670 7665 7655 7693 7715 7713 7694 7730 7701 7746 7763 7763 7771 7749 7809 7765 7799 7803 7785 7809 7777 7818 7868 7846 7852 7826 7906 7870 7873 7844 7869 7888 7863 7901 7887 7962 7918 7893 7970 7985 7986 7980 7999 7988 7956 7997 7962 7979 8020 8017 7993 8053 8079 8086 8106 8099 8078 8080 8117 8126 8118 8141 8156 8141 8162 8166 8145 8136 8175 8179 8199 8244 8171 8202 8188 8221 8194 8228 8248 8200 8204 8239 8217 8267 8234 8260 8277 8281 8256 8285 8336 8299 8316 8317 8325 8300 8315 8364 8376 8385 8355 8386 8405 8406 8359 8406 8409 8374 8424 8445 8451 8439 8461 8466 8460 8422 8472 8490 8485 8525 8469 8474 8515 8528 8527 8529 8498 8533 8509 8562 8531 8562 8557 8583 8594 8597 8606 8595 8591 8572 8575 8618 8611 8584 8629 8635 8605 8648 8651 8639 8659 8669 8652 8701 8725 8731 8748 8746 8745 8771 8810 8765 8771 8795 8778 8769 8794 8819 8855 8814 8863 8847 8872 8877 8887 8893 8889 8860 8895 8918 8922 8940 8918 8963 8994 8949 8973 8980 8978 8998 8975 9031 9041 9024 9092 9056 9048 9051 9069 9036 9042 9080 9082 9089 9108 9122 9080 9136 9120 9111 9147 9164 9183 9151 9192 9167 9255 9225 9244 9263 9264 9303 9224 9272 9266 9271 9281 9281 9247 9287 9311 9317 9328 9327 9344 9348 9362 9326 9351 9321 9353 9376 9393 9401 9359 9412 9363 9416 9385 9403 9447 9472 9419 9467 9482 9464 9486 9466 9487 9441 9473 9446 9473 9507 9546 9506 9476 9482 9509 9557 9517 9520 9497 9536 9566 9569 9542 9550 9597 9564 9600 9611 9627 9598 9630 9653 9661 9650 9670 9668 9666 9713 9718 9758 9719 9695 9747 9730 9739 9755 9721 9719 9764 9773 9783 9830 9854 9800 9840 9888 9871 9898 9864 9837 9866 9887 9895 9910 9907 9933 9932 9919 9921 9892 9924 9949 9948 9979 9938 9963 9968 9920 9966 9967 9980 9999 9953 10015 10021 9988 10031 10041 10083 10060 10012 10062 10081 10066 10089 10096 10080 10084 10093 10057 10058 10120 10125 10115 10087 10120 10154 10109 10113 10165 10175 10182 10192 10184 10201 10193 10209 10219 10201 10248 10236 10265 10273 10263 10264 10287 10272 10322 10281 10294 10304 10325 10337 10330 10305 10350 10321 10354 10363 10401 10410 10406 10416 10409 10383 10391 10396 10388 10431 10425 10438 10461 10476 10482 10458 10481 10491 10471 10473 10508 10490 10519 10545 10540 10586 10584 10576 10618 10575 10546 10593 10620 10622 10625 10667 10624 10695 10620 10660 10708 10667 10697 10660 10697 10715 10678 10670 10673 10705 10706 10734 10734 10737 10689 10723 10740 10737 10709 10738 10789 10761 10780 10767 10769 10818 10763 10816 10806 10805 10828 10811 10834 10844 10834 10791 10803 10832 10866 10867 10817 10847 10820 10870 10868 10877 10840 10838 10842 10927 10865 10893 10891 10921 10934 10928 10923 10925 10940 10913 10959 10954 10941 10993 10961 11018 10964 11026 11016 11063 10992 11043 10993 11044 11034 11047 11062 11047 11031 11076 11073 11074 11060 11110 11103 11104 11070 11120 11104 11114 11084 11116 11119 11175 11159 11158 11185 11192 11176 11192 11151 11251 11229 11236 11242 11228 11234 11211 11255 11274 11240 11232 11240 11270 11295 11278 11294 11313 11352 11304 11278 11344 11335 11341 11361 11329 11339 11337 11387 11409 11425 11448 11429 11455 11432 11453 11437 11464 11456 11519 11522 11532 11553 11574 11525 11560 11563 11580 11570 11591 11553 11609 11590 11591 11652 11629 11619 11646 11613 11657 11649 11630 11655 11666 11676 11636 11694 11696 11699 11716 11712 11729 11740 11726 11740 11717 11808 11790 11758 11805 11814 11837 11823 11882 11823 11894 11855 11877 11881 11868 11891 11874 11850 11875 11888 11886 11863 11906 11925 11934 11923 11903 11944 11969 11958 11990 11989 11999 11971 11997 11997 11976 12027 12015 11999 12031 12022 12024 12080 12042 12084 12087 12088 12094 12108 12114 12086 12136 12107 12149 12163 12156 12163 12164 12182 12186 12182 12166 12209 12233 12215 12260 12250 12279 12308 12274 12274 12281 12281 12301 12296 12307 12322 12327 12327 12352 12309 12362 12346 12354 12368 12367 12362 12370 12411 12392 12398 12441 12434 12397 12418 12407 12425 12417 12448 12422 12441 12486 12508 12506 12529 12517 12538 12501 12542 12524 12544 12511 12554 12504 12559 12559 12553 12556 12550 12551 12570 12574 12546 12618 12573 12574 12583 12551 12558 12591 12594 12605 12608 12601 12615 12655 12615 12641 12632 12666 12693 12708 12691 12701 12677 12706 12713 12691 12731 12745 12748 12738 12781 12738 12711 12752 12710 12722 12749 12777 12760 12741 12796 12763 12797 12791 12838 12858 12848 12850 12822 12817 12870 12881 12863 12864 12907 12922 12893 12939 12899 12906 12907 12932 13006 12986 12978 12981 13023 12982 13005 13021 13007 13020 13014 13021 12994 13001 13042 13060 13025 13097 13032 13102 13098 13118 13105 13140 13143 13143 13144 13115 13168 13165 13147 13173 13169 13170 13177 13187 13174 13190 13210 13211 13221 13215 13224 13228 13209 13255 13266 13277 13280 13271 13276 13286 13298 13295 13308 13299 13269 13321 13321 13322 13352 13407 13386 13394 13355 13443 13413 13427 13386 13434 13461 13504 13469 13446 13474 13488 13463 13488 13521 13517 13523 13531 13495 13555 13520 13552 13590 13588 13577 13595 13597 13594 13569 13563 13613 13631 13632 13631 13630 13658 13651 13634 13682 13685 13639 13671 13654 13670 13737 13749 13783 13719 13763 13764 13810 13812 13787 13847 13847 13835 13890 13845 13846 13869 13878 13893 13846 13891 13903 13892 13889 13928 13922 13923 13896 13900 13902 13937 13941 13989 13957
