25 3 10
3 2 5
47 50 44 17 42 31 35 16 12 34
31 14 37 15 21 50 35 45 20 20
27 30 42 29 27 18 22 28 19 19
29 13 26 14 19 37 41 13 13 17
14 14 16 18 41 42 18 38 15 12
46 50 50 50 20 48 38 15 41 16
20 46 30 50 22 23 40 45 14 42
50 28 31 30 43 44 13 36 23 29
36 23 34 50 45 31 32 38 33 31
17 48 42 50 27 27 14 25 43 29
41 31 50 34 42 14 47 11 12 39
33 30 19 14 35 27 23 38 33 27
37 50 37 40 50 18 16 43 17 47
50 32 24 34 30 12 37 48 18 30
25 11 37 44 34 18 17 41 12 26
35 36 29 19 27 28 24 42 30 10
31 38 49 12 41 37 37 35 26 14
48 24 24 22 32 26 20 20 40 29
20 31 43 30 25 20 41 48 43 41
41 30 39 41 50 32 22 38 27 47
14 37 27 34 31 22 48 24 32 16
41 13 10 50 50 46 21 46 12 16
32 48 28 32 28 43 42 36 35 12
46 12 16 35 40 39 27 45 48 40
23 18 33 35 48 23 16 30 29 35
1 2 3 4 5 6 7 8 9 10 11 12 13 14 15 16 17 18 19 20 21 22 23 24 25 26 27 28 29 30 31 32 33 34 35 36 37 38 39 40 41 42 43 44 45 46 47 48 49 50 51 52 53 54 55 56 57 58 59 60 61 62 63 64 65 66 67 68 69 70 71 72 73 74 75 76 77 78 79 80 81 82 83 84 85 86 87 88 89 90 91 92 93 94 95 96 97 98 99 100 101 102 103 104 105 106 107 108 109 110 111 112 113 114 115 116 117 118 119 120 121 122 123 124 125 126 127 128 129 130 131 132 133 134 135 136 137 138 139 140 141 142 143 144 145 146 147 148 149 150 151 152 153 154 155 156 157 158 159 160 161 162 163 164 165 166 167 168 169 170 171 172 173 174 175 176 177 178 179 180 181 182 183 184 185 186 187 188 189 190 191 192 193 194 195 196 197 198 199 200 201 202 203 204 205 206 207 208 209 210 211 212 213 214 215 216 217 218 219 220 221 222 223 224 225 226 227 228 229 230 231 232 233 234 235 236 237 238 239 240 241 242 243 244 245 246 247 248 249 250 251 252 253 254 255 256 257 258 259 260 261 262 263 264 265 266 267 268 269 270 271 272 273 274 275 276 277 278 279 280 281 282 283 284 285 286 287 288 289 290 291 292 293 294 295 296 297 298 299 300 301 302 303 304 305 306 307 308 309 310 311 312 313 314 315 316 317 318 319 320 321 322 323 324 325 326 327 328 329 330 331 332 333 334 335 336 337 338 339 340 341 342 343 344 345 346 347 348 349 350 351 352 353 354 355 356 357 358 359 360 361 362 363 364 365 366 367 368 369 370 371 372 373 374 375 376 377 378 379 380 381 382 383 384 385 386 387 388 389 390 391 392 393 394 395 396 397 398 399 400 401 402 403 404 405 406 407 408 409 410 411 412 413 414 415 416 417 418 419 420 421 422 423 424 425 426 427 428 429 430 431 432 433 434 435 436 437 438 439 440 441 442 443 444 445 446 447 448 449 450 451 452 453 454 455 456 457 458 459 460 461 462 463 464 465 466 467 468 469 470 471 472 473 474 475 476 477 478 479 480 481 482 483 484 485 486 487 488 489 490 491 492 493 494 495 496 497 498 499 500 501 502 503 504 505 506 507 508 509 510 511 512 513 514 515 516 517 518 519 520 521 522 523 524 525 526 527 528 529 530 531 532 533 534 535 536 537 538 539 540 541 542 543 544 545 546 547 548 549 550 551 552 553 554 555 556 557 558 559 560 561 562 563 564 565 566 567 568 569 570 571 572 573 574 575 576 577 578 579 580 581 582 583 584 585 586 587 588 589 590 591 592 593 594 595 596 597 598 599 600 601 602 603 604 605 606 607 608 609 610 611 612 613 614 615 616 617 618 619 620 621 622 623 624 625 626 627 628 629 630 631 632 633 634 635 636 637 638 639 640 641 642 643 644 645 646 647 648 649 650 651 652 653 654 655 656 657 658 659 660 661 662 663 664 665 666 667 668 669 670 671 672 673 674 675 676 677 678 679 680 681 682 683 684 685 686 687 688 689 690 691 692 693 694 695 696 697 698 699 700 701 702 703 704 705 706 707 708 709 710 711 712 713 714 715 716 717 718 719 720 721 722 723 724 725 726 727 728 729 730 731 732 733 734 735 736 737 738 739 740 741 742 743 744 745 746 747 748 749 750 751 752 753 754 755 756 757 758 759 760 761 762 763 764 765 766 767 768 769 770 771 772 773 774 775 776 777 778 779 780 781 782 783 784 785 786 787 788 789 790 791 792 793 794 795 796 797 798 799 800 801 802 803 804 805 806 807 808 809 810 811 812 813 814 815 816 817 818 819 820 821 822 823 824 825 826 827 828 829 830 831 832 833 834 835 836 837 838 839 840 841 842 843 844 845 846 847 848 849 850 851 852 853 854 855 856 857 858 859 860 861 862 863 864 865 866 867 868 869 870 871 872 873 874 875 876 877 878 879 880 881 882 883 884 885 886 887 888 889 890 891 892 893 894 895 896 897 898 899 900 901 902 903 904 905 906 907 908 909 910 911 912 913 914 915 916 917 918 919 920 921 922 923 924 925 926 927 928 929 930 931 932 933 934 935 936 937 938 939 940 941 942 943 944 945 946 947 948 949 950 951 952 953 954 955 956 957 958 959 960 961 962 963 964 965 966 967 968 969 970 971 972 973 974 975 976 977 978 979 980 981 982 983 984 985 986 987 988 989 990 991 992 993 994 995 996 997 998 999 1000 1001 1002 1003 1004 1005 1006 1007 1008 1009 1010 1011 1012 1013 1014 1015 1016 1017 1018 1019 1020 1021 1022 1023 1024 1025 1026 1027 1028 1029 1030 1031 1032 1033 1034 1035 1036 1037 1038 1039 1040 1041 1042 1043 1044 1045 1046 1047 1048 1049 1050 1051 1052 1053 1054 1055 1056 1057 1058 1059 1060 1061 1062 1063 1064 1065 1066 1067 1068 1069 1070 1071 1072 1073 1074 1075 1076 1077 1078 1079 1080 1081 1082 1083 1084 1085 1086 1087 1088 1089 1090 1091 1092 1093 1094 1095 1096 1097 1098 1099 1100 1101 1102 1103 1104 1105 1106 1107 1108 1109 1110 1111 1112 1113 1114 1115 1116 1117 1118 1119 1120 1121 1122 1123 1124 1125 1126 1127 1128 1129 1130 1131 1132 1133 1134 1135 1136 1137 1138 1139 1140 1141 1142 1143 1144 1145 1146 1147 1148 1149 1150 1151 1152 1153 1154 1155 1156 1157 1158 1159 1160 1161 1162 1163 1164 1165 1166 1167 1168 1169 1170 1171 1172 1173 1174 1175 1176 1177 1178 1179 1180 1181 1182 1183 1184 1185 1186 1187 1188 1189 1190 1191 1192 1193 1194 1195 1196 1197 1198 1199 1200 1201 1202 1203 1204 1205 1206 1207 1208 1209 1210 1211 1212 1213 1214 1215 1216 1217 1218 1219 1220 1221 1222 1223 1224 1225 1226 1227 1228 1229 1230 1231 1232 1233 1234 1235 1236 1237 1238 1239 1240 1241 1242 1243 1244 1245 1246 1247 1248 1249 1250 1251 1252 1253 1254 1255 1256 1257 1258 1259 1260 1261 1262 1263 1264 1265 1266 1267 1268 1269 1270 1271 1272 1273 1274 1275 1276 1277 1278 1279 1280 1281 1282 1283 1284 1285 1286 1287 1288 1289 1290 1291 1292 1293 1294 1295 1296 1297 1298 1299 1300 1301 1302 1303 1304 1305 1306 1307 1308 1309 1310 1311 1312 1313 1314 1315 1316 1317 1318 1319 1320 1321 1322 1323 1324 1325 1326 1327 1328 1329 1330 1331 1332 1333 1334 1335 1336 1337 1338 1339 1340 1341 1342 1343 1344 1345 1346 1347 1348 1349 1350 1351 1352 1353 1354 1355 1356 1357 1358 1359 1360 1361 1362 1363 1364 1365 1366 1367 1368 1369 1370 1371 1372 1373 1374 1375 1376 1377 1378 1379 1380 1381 1382 1383 1384 1385 1386 1387 1388 1389 1390 1391 1392 1393 1394 1395 1396 1397 1398 1399 1400 1401 1402 1403 1404 1405 1406 1407 1408 1409 1410 1411 1412 1413 1414 1415 1416 1417 1418 1419 1420 1421 1422 1423 1424 1425 1426 1427 1428 1429 1430 1431 1432 1433 1434 1435 1436 1437 1438 1439 1440 1441 1442 1443 1444 1445 1446 1447 1448 1449 1450 1451 1452 1453 1454 1455 1456 1457 1458 1459 1460 1461 1462 1463 1464 1465 1466 1467 1468 1469 1470 1471 1472 1473 1474 1475 1476 1477 1478 1479 1480 1481 1482 1483 1484 1485 1486 1487 1488 1489 1490 1491 1492 1493 1494 1495 1496 1497 1498 1499 1500 1501 1502 1503 1504 1505 1506 1507 1508 1509 1510 1511 1512 1513 1514 1515 1516 1517 1518 1519 1520 1521 1522 1523 1524 1525 1526 1527 1528 1529 1530 1531 1532 1533 1534 1535 1536 1537 1538 1539 1540 1541 1542 1543 1544 1545 1546 1547 1548 1549 1550 1551 1552 1553 1554 1555 1556 1557 1558 1559 1560 1561 1562 1563 1564 1565 1566 1567 1568 1569 1570 1571 1572 1573 1574 1575 1576 1577 1578 1579 1580 1581 1582 1583 1584 1585 1586 1587 1588 1589 1590 1591 1592 1593 1594 1595 1596 1597 1598 1599 1600 1601 1602 1603 1604 1605 1606 1607 1608 1609 1610 1611 1612 1613 1614 1615 1616 1617 1618 1619 1620 1621 1622 1623 1624 1625 1626 1627 1628 1629 1630 1631 1632 1633 1634 1635 1636 1637 1638 1639 1640 1641 1642 1643 1644 1645 1646 1647 1648 1649 1650 1651 1652 1653 1654 1655 1656 1657 1658 1659 1660 1661 1662 1663 1664 1665 1666 1667 1668 1669 1670 1671 1672 1673 1674 1675 1676 1677 1678 1679 1680 1681 1682 1683 1684 1685 1686 1687 1688 1689 1690 1691 1692 1693 1694 1695 1696 1697 1698 1699 1700 1701 1702 1703 1704 1705 1706 1707 1708 1709 1710 1711 1712 1713 1714 1715 1716 1717 1718 1719 1720 1721 1722 1723 1724 1725 1726 1727 1728 1729 1730 1731 1732 1733 1734 1735 1736 1737 1738 1739 1740 1741 1742 1743 1744 1745 1746 1747 1748 1749 1750 1751 1752 1753 1754 1755 1756 1757 1758 1759 1760 1761 1762 1763 1764 1765 1766 1767 1768 1769 1770 1771 1772 1773 1774 1775 1776 1777 1778 1779 1780 1781 1782 1783 1784 1785 1786 1787 1788 1789 1790 1791 1792 1793 1794 1795 1796 1797 1798 1799 1800 1801 1802 1803 1804 1805 1806 1807 1808 1809 1810 1811 1812 1813 1814 1815 1816 1817 1818 1819 1820 1821 1822 1823 1824 1825 1826 1827 1828 1829 1830 1831 1832 1833 1834 1835 1836 1837 1838 1839 1840 1841 1842 1843 1844 1845 1846 1847 1848 1849 1850 1851 1852 1853 1854 1855 1856 1857 1858 1859 1860 1861 1862 1863 1864 1865 1866 1867 1868 1869 1870 1871 1872 1873 1874 1875 1876 1877 1878 1879 1880 1881 1882 1883 1884 1885 1886 1887 1888 1889 1890 1891 1892 1893 1894 1895 1896 1897 1898 1899 1900 1901 1902 1903 1904 1905 1906 1907 1908 1909 1910 1911 1912 1913 1914 1915 1916 1917 1918 1919 1920 1921 1922 1923 1924 1925 1926 1927 1928 1929 1930 1931 1932 1933 1934 1935 1936 1937 1938 1939 1940 1941 1942 1943 1944 1945 1946 1947 1948 1949 1950 1951 1952 1953 1954 1955 1956 1957 1958 1959 1960 1961 1962 1963 1964 1965 1966 1967 1968 1969 1970 1971 1972 1973 1974 1975 1976 1977 1978 1979 1980 1981 1982 1983 1984 1985 1986 1987 1988 1989 1990 1991 1992 1993 1994 1995 1996 1997 1998 1999 2000 2001 2002 2003 2004 2005 2006 2007 2008 2009 2010 2011 2012 2013 2014 2015 2016 2017 2018 2019 2020 2021 2022 2023 2024 2025 2026 2027 2028 2029 2030 2031 2032 2033 2034 2035 2036 2037 2038 2039 2040 2041 2042 2043 2044 2045 2046 2047 2048 2049 2050 2051 2052 2053 2054 2055 2056 2057 2058 2059 2060 2061 2062 2063 2064 2065 2066 2067 2068 2069 2070 2071 2072 2073 2074 2075 2076 2077 2078 2079 2080 2081 2082 2083 2084 2085 2086 2087 2088 2089 2090 2091 2092 2093 2094 2095 2096 2097 2098 2099 2100 2101 2102 2103 2104 2105 2106 2107 2108 2109 2110 2111 2112 2113 2114 2115 2116 2117 2118 2119 2120 2121 2122 2123 2124 2125 2126 2127 2128 2129 2130 2131 2132 2133 2134 2135 2136 2137 2138 2139 2140 2141 2142 2143 2144 2145 2146 2147 2148 2149 2150 2151 2152 2153 2154 2155 2156 2157 2158 2159 2160 2161 2162 2163 2164 2165 2166 2167 2168 2169 2170 2171 2172 2173 2174 2175 2176 2177 2178 2179 2180 2181 2182 2183 2184 2185 2186 2187 2188 2189 2190 2191 2192 2193 2194 2195 2196 2197 2198 2199 2200 2201 2202 2203 2204 2205 2206 2207 2208 2209 2210 2211 2212 2213 2214 2215 2216 2217 2218 2219 2220 2221 2222 2223 2224 2225 2226 2227 2228 2229 2230 2231 2232 2233 2234 2235 2236 2237 2238 2239 2240 2241 2242 2243 2244 2245 2246 2247 2248 2249 2250 2251 2252 2253 2254 2255 2256 2257 2258 2259 2260 2261 2262 2263 2264 2265 2266 2267 2268 2269 2270 2271 2272 2273 2274 2275 2276 2277 2278 2279 2280 2281 2282 2283 2284 2285 2286 2287 2288 2289 2290 2291 2292 2293 2294 2295 2296 2297 2298 2299 2300 2301 2302 2303 2304 2305 2306 2307 2308 2309 2310 2311 2312 2313 2314 2315 2316 2317 2318 2319 2320 2321 2322 2323 2324 2325 2326 2327 2328 2329 2330 2331 2332 2333 2334 2335 2336 2337 2338 2339 2340 2341 2342 2343 2344 2345 2346 2347 2348 2349 2350 2351 2352 2353 2354 2355 2356 2357 2358 2359 2360 2361 2362 2363 2364 2365 2366 2367 2368 2369 2370 2371 2372 2373 2374 2375 2376 2377 2378 2379 2380 2381 2382 2383 2384 2385 2386 2387 2388 2389 2390 2391 2392 2393 2394 2395 2396 2397 2398 2399 2400 2401 2402 2403 2404 2405 2406 2407 2408 2409 2410 2411 2412 2413 2414 2415 2416 2417 2418 2419 2420 2421 2422 2423 2424 2425 2426 2427 2428 2429 2430 2431 2432 2433 2434 2435 2436 2437 2438 2439 2440 2441 2442 2443 2444 2445 2446 2447 2448 2449 2450 2451 2452 2453 2454 2455 2456 2457 2458 2459 2460 2461 2462 2463 2464 2465 2466 2467 2468 2469 2470 2471 2472 2473 2474 2475 2476 2477 2478 2479 2480 2481 2482 2483 2484 2485 2486 2487 2488 2489 2490 2491 2492 2493 2494 2495 2496 2497 2498 2499 2500 2501 2502 2503 2504 2505 2506 2507 2508 2509 2510 2511 2512 2513 2514 2515 2516 2517 2518 2519 2520 2521 2522 2523 2524 2525 2526 2527 2528 2529 2530 2531 2532 2533 2534 2535 2536 2537 2538 2539 2540 2541 2542 2543 2544 2545 2546 2547 2548 2549 2550 2551 2552 2553 2554 2555 2556 2557 2558 2559 2560 2561 2562 2563 2564 2565 2566 2567 2568 2569 2570 2571 2572 2573 2574 2575 2576 2577 2578 2579 2580 2581 2582 2583 2584 2585 2586 2587 2588 2589 2590 2591 2592 2593 2594 2595 2596 2597 2598 2599 2600 2601 2602 2603 2604 2605 2606 2607 2608 2609 2610 2611 2612 2613 2614 2615 2616 2617 2618 2619 2620 2621 2622 2623 2624 2625 2626 2627 2628 2629 2630 2631 2632 2633 2634 2635 2636 2637 2638 2639 2640 2641 2642 2643 2644 2645 2646 2647 2648 2649 2650 2651 2652 2653 2654 2655 2656 2657 2658 2659 2660 2661 2662 2663 2664 2665 2666 2667 2668 2669 2670 2671 2672 2673 2674 2675 2676 2677 2678 2679 2680 2681 2682 2683 2684 2685 2686 2687 2688 2689 2690 2691 2692 2693 2694 2695 2696 2697 2698 2699 2700 2701 2702 2703 2704 2705 2706 2707 2708 2709 2710 2711 2712 2713 2714 2715 2716 2717 2718 2719 2720 2721 2722 2723 2724 2725 2726 2727 2728 2729 2730 2731 2732 2733 2734 2735 2736 2737 2738 2739 2740 2741 2742 2743 2744 2745 2746 2747 2748 2749 2750 2751 2752 2753 2754 2755 2756 2757 2758 2759 2760 2761 2762 2763 2764 2765 2766 2767 2768 2769 2770 2771 2772 2773 2774 2775 2776 2777 2778 2779 2780 2781 2782 2783 2784 2785 2786 2787 2788 2789 2790 2791 2792 2793 2794 2795 2796 2797 2798 2799 2800 2801 2802 2803 2804 2805 2806 2807 2808 2809 2810 2811 2812 2813 2814 2815 2816 2817 2818 2819 2820 2821 2822 2823 2824 2825 2826 2827 2828 2829 2830 2831 2832 2833 2834 2835 2836 2837 2838 2839 2840 2841 2842 2843 2844 2845 2846 2847 2848 2849 2850 2851 2852 2853 2854 2855 2856 2857 2858 2859 2860 2861 2862 2863 2864 2865 2866 2867 2868 2869 2870 2871 2872 2873 2874 2875 2876 2877 2878 2879 2880 2881 2882 2883 2884 2885 2886 2887 2888 2889 2890 2891 2892 2893 2894 2895 2896 2897 2898 2899 2900 2901 2902 2903 2904 2905 2906 2907 2908 2909 2910 2911 2912 2913 2914 2915 2916 2917 2918 2919 2920 2921 2922 2923 2924 2925 2926 2927 2928 2929 2930 2931 2932 2933 2934 2935 2936 2937 2938 2939 2940 2941 2942 2943 2944 2945 2946 2947 2948 2949 2950 2951 2952 2953 2954 2955 2956 2957 2958 2959 2960 2961 2962 2963 2964 2965 2966 2967 2968 2969 2970 2971 2972 2973 2974 2975 2976 2977 2978 2979 2980 2981 2982 2983 2984 2985 2986 2987 2988 2989 2990 2991 2992 2993 2994 2995 2996 2997 2998 2999 3000
19 10 16 19 11 0 16 22 11 23 4 17 12 8 16 8 7 22 19 4 3 23 7 5 5 3 2 20 13 7 2 18 10 20 6 3 13 5 15 2 19 21 17 7 1 9 14 23 0 16 20 7 7 16 11 4 2 4 5 18 23 10 7 21 19 1 14 10 12 9 18 24 16 22 9 1 7 10 4 14 5 0 22 17 21 24 15 19 0 24 19 5 3 9 0 22 23 6 0 22 0 21 5 0 19 3 18 9 20 5 15 0 16 8 16 7 19 15 19 9 10 2 13 13 24 16 1 8 22 6 10 23 8 7 14 7 5 10 20 0 18 14 9 23 5 13 13 24 13 0 5 22 16 0 1 5 0 10 23 24 23 11 21 9 18 18 2 8 2 23 4 18 24 6 17 15 4 24 9 11 8 19 6 16 10 20 1 19 23 16 6 15 22 18 12 16 22 0 11 21 19 18 22 6 4 12 2 1 8 4 23 1 11 15 12 20 15 19 4 20 16 3 1 15 13 3 14 1 18 11 20 17 1 17 0 5 17 12 9 11 11 4 22 6 17 24 21 8 24 22 16 0 16 18 22 18 6 3 4 23 5 7 15 15 24 6 9 5 4 19 20 4 13 10 2 0 13 10 19 4 7 16 10 23 17 18 13 24 19 13 0 1 21 10 0 7 5 2 12 3 0 6 20 13 1 6 13 5 10 4 18 7 15 21 3 12 20 1 9 5 0 2 20 16 23 7 19 3 11 21 15 2 19 10 8 10 18 2 24 23 18 13 14 9 18 22 8 7 13 9 22 13 7 11 22 6 19 24 6 1 4 0 19 15 2 3 22 2 16 10 5 6 1 12 3 19 12 13 4 3 6 7 7 0 11 5 14 14 14 9 7 7 18 8 5 11 8 23 18 1 5 0 17 17 18 20 3 22 9 21 24 19 0 9 11 24 3 2 23 13 11 6 21 15 8 20 14 15 22 6 4 4 19 21 11 21 12 15 0 19 6 11 4 15 9 17 8 10 10 12 3 17 5 24 0 0 7 0 8 6 21 6 2 13 23 22 8 14 2 23 19 4 11 17 15 9 6 2 24 5 10 16 15 7 6 5 21 3 3 16 4 17 7 9 11 14 2 5 12 5 19 13 14 3 14 18 8 16 6 0 6 12 23 11 21 9 22 9 24 1 8 8 15 1 3 11 3 5 14 1 0 20 10 22 23 23 13 13 6 23 8 5 6 9 21 17 12 1 10 22 7 10 15 23 24 22 4 4 20 20 17 24 12 19 23 0 16 14 12 20 3 0 23 15 20 11 23 6 21 8 21 8 11 14 24 4 18 6 16 9 2 18 18 23 4 17 17 23 17 8 24 9 0 23 3 13 4 7 24 20 12 19 24 21 12 16 19 16 10 9 7 2 1 23 15 1 15 15 9 16 0 22 18 5 22 2 22 23 19 4 4 2 24 20 13 10 11 10 19 23 6 11 20 22 5 5 7 9 5 7 20 6 24 13 19 6 14 10 6 16 20 21 12 16 4 5 15 20 14 1 23 20 15 7 6 18 16 6 18 15 12 9 2 1 0 15 24 11 21 22 20 19 19 20 15 7 1 24 10 18 16 14 0 12 13 2 12 3 5 0 18 23 14 18 11 6 19 9 19 18 5 15 9 3 13 3 1 6 0 0 15 7 2 22 20 7 5 17 23 24 1 4 5 3 1 7 4 21 1 4 14 1 6 9 7 7 9 9 7 2 7 3 8 22 12 5 14 24 6 11 18 13 7 16 6 9 18 22 7 11 5 19 3 19 7 21 21 12 2 11 9 19 23 24 1 2 15 14 0 8 7 19 16 22 0 18 23 4 22 0 11 7 1 20 6 18 21 9 18 0 23 0 22 0 16 24 16 15 13 2 3 3 18 16 9 8 9 11 4 23 5 8 13 22 5 1 23 21 6 13 23 24 19 14 23 11 9 9 17 20 0 24 0 3 1 17 4 19 1 20 0 22 16 8 9 23 5 1 2 15 4 17 11 16 6 5 1 16 16 17 18 14 15 24 12 7 19 22 12 7 12 24 18 4 5 13 7 1 15 6 2 15 13 7 23 20 5 22 6 22 8 18 17 8 2 10 2 2 23 12 15 14 23 2 16 6 8 23 21 4 19 1 22 4 19 19 24 7 7 17 20 4 8 20 5 9 13 13 22 23 24 21 10 24 12 6 21 5 1 4 22 6 18 2 13 9 3 6 11 4 17 16 5 9 18 4 9 7 23 0 7 21 19 2 18 22 4 18 10 9 10 15 4 23 13 23 22 6 4 19 20 7 13 0 11 11 23 12 0 14 0 8 0 4 19 23 5 7 3 1 22 10 13 8 4 19 10 3 9 20 23 13 16 14 9 12 12 22 4 20 15 19 20 4 12 13 24 17 7 3 16 14 4 20 17 0 15 2 11 4 1 6 10 3 22 11 24 2 3 13 12 15 5 7 13 8 23 16 2 20 1 19 6 22 21 0 8 24 4 13 0 14 7 2 22 20 17 1 21 14 23 0 9 20 24 2 11 4 12 4 1 1 13 2 15 12 12 19 14 24 3 17 17 2 9 10 11 12 21 4 13 16 12 18 7 15 7 24 14 18 16 1 17 21 8 17 13 2 2 16 12 23 1 18 8 20 21 15 0 6 5 3 17 22 7 2 4 4 4 15 8 21 5 6 4 22 24 19 2 14 15 16 4 20 0 13 3 18 4 21 20 17 23 19 24 19 5 3 6 8 1 24 9 8 15 4 2 7 8 1 19 11 7 2 1 7 24 11 9 3 5 13 14 18 6 24 23 7 7 19 5 24 16 14 20 17 19 7 7 20 0 7 6 2 22 0 6 1 13 8 12 5 1 5 1 6 17 23 17 14 20 18 18 5 6 1 4 8 15 17 2 19 8 5 21 23 2 14 15 10 19 13 13 1 17 16 12 12 1 15 1 5 5 12 0 20 17 21 6 18 18 11 15 0 3 16 20 23 3 23 6 21 8 21 14 20 13 10 14 18 4 1 6 24 2 18 21 0 10 14 16 7 15 20 8 21 15 13 21 8 12 11 8 21 21 20 3 17 23 17 21 8 23 18 21 18 9 21 5 15 3 23 3 9 11 5 5 23 3 3 19 8 3 11 14 21 22 6 3 21 12 16 22 14 8 14 14 6 24 13 13 21 19 24 15 19 18 6 23 2 19 9 9 23 7 3 22 3 11 22 23 2 15 15 6 23 20 9 13 11 14 24 4 5 16 15 14 1 8 1 9 4 1 19 19 15 7 22 14 12 24 12 5 24 21 16 10 6 23 22 9 24 22 1 10 15 1 15 12 22 0 12 15 5 14 9 19 23 19 13 12 3 15 17 12 10 2 12 5 22 20 18 22 14 11 8 0 9 12 11 6 19 12 18 2 16 3 21 16 13 20 9 10 21 22 20 22 17 17 3 24 10 9 12 18 13 8 9 0 8 19 21 13 3 21 2 16 0 12 14 12 10 18 19 0 16 0 14 17 2 1 11 4 6 8 20 6 21 12 19 9 24 2 5 3 21 24 18 24 18 8 7 21 0 24 17 7 17 9 24 15 14 1 6 12 22 4 23 19 12 11 4 24 22 1 4 5 7 22 19 24 14 9 8 12 16 10 19 16 11 0 22 6 1 3 6 11 4 21 21 23 20 18 22 2 23 2 7 6 0 13 17 12 24 3 11 15 1 14 21 3 18 1 7 6 6 15 2 9 6 24 7 1 4 1 9 14 13 6 23 21 15 11 1 21 17 6 0 2 4 20 4 2 5 14 24 16 20 17 15 12 1 11 9 5 6 23 10 0 5 0 0 8 1 1 13 11 20 14 6 6 10 23 9 24 14 17 5 12 14 6 15 24 21 17 8 5 17 2 15 21 18 23 23 14 20 13 9 14 3 15 9 20 8 4 6 10 5 24 22 14 19 18 20 24 11 22 15 14 4 8 9 22 6 10 19 8 3 6 21 9 22 6 7 14 15 2 7 2 6 1 10 16 20 19 21 6 5 2 4 15 16 18 12 3 5 22 22 21 17 22 3 3 18 17 7 24 19 20 23 1 18 0 2 22 3 23 12 15 15 7 1 15 3 4 18 3 17 6 3 19 1 19 20 19 2 8 16 5 20 8 24 8 24 6 21 17 14 15 9 11 15 9 13 10 6 11 10 19 11 12 9 3 2 10 11 21 7 11 1 2 22 8 12 4 3 0 5 12 18 15 20 18 4 7 15 13 3 0 9 10 18 2 17 1 1 18 16 13 22 20 14 18 2 17 17 5 8 23 23 22 5 19 7 12 20 7 13 17 16 19 21 17 19 3 8 3 18 6 3 22 24 9 9 7 17 5 20 9 16 14 8 8 3 13 0 22 17 23 6 24 22 1 12 1 6 1 12 20 0 9 0 2 12 4 21 14 22 12 19 2 3 1 3 7 10 19 24 18 19 20 13 5 24 7 17 22 17 20 0 12 7 17 8 12 18 24 1 17 7 12 7 16 7 7 20 24 0 8 14 4 8 0 10 6 11 5 0 22 8 14 18 11 7 21 15 18 10 22 4 18 10 22 24 16 9 6 16 13 22 15 20 19 3 24 16 20 13 8 21 4 12 6 7 21 19 16 12 11 18 12 7 22 23 5 2 2 0 4 20 18 17 24 8 1 22 23 5 18 9 6 11 1 7 6 7 18 20 12 9 22 9 1 2 21 9 10 0 0 20 4 20 13 7 20 19 4 6 15 19 11 2 19 13 10 23 16 21 17 24 19 16 0 1 14 16 0 7 0 24 4 12 13 23 2 7 8 4 16 5 18 11 9 22 17 13 9 12 8 15 1 12 24 3 18 6 11 13 1 4 4 15 20 3 19 5 20 0 14 23 12 19 21 6 14 5 1 18 6 16 15 23 19 22 3 16 24 16 5 4 1 7 21 17 21 19 20 4 4 3 24 22 23 20 9 0 14 15 22 3 19 23 12 1 11 11 23 20 12 7 10 16 19 5 11 13 7 10 6 11 7 15 17 18 3 1 20 18 15 21 17 5 13 17 8 15 20 4 4 7 2 2 21 24 1 11 8 15 6 20 17 0 1 3 8 13 10 6 13 2 8 24 11 12 6 23 1 4 11 23 4 24 14 15 4 18 7 6 3 11 23 8 22 24 23 15 13 18 20 16 8 2 5 0 13 21 1 1 0 19 11 4 2 23 2 3 6 4 24 23 15 20 12 5 21 9 0 5 12 15 15 9 6 9 1 9 14 6 2 7 9 3 6 23 20 3 13 5 6 23 20 14 19 9 4 19 3 20 7 11 16 11 24 1 17 19 16 24 13 12 10 10 9 1 16 6 7 12 11 9 23 8 7 16 13 1 15 4 22 21 8 5 8 9 21 13 22 19 23 24 3 8 8 12 4 24 19 7 6 23 24 21 16 19 23 13 0 16 5 14 4 21 4 7 19 10 21 5 17 5 11 20 21 4 8 9 1 3 23 18 16 0 16 19 10 11 19 0 19 5 19 11 14 17 21 13 6 12 12 4 12 16 11 21 17 23 23 5 8 19 15 1 14 8 8 23 7 5 9 3 8 22 16 10 20 23 17 18 14 6 5 10 16 5 4 1 23 22 0 15 20 23 24 18 5 4 19 6 13 3 17 15 1 10 0 8 14 13 14 9 17 6 24 16 20 1 9 15 13 10 3 14 5 8 5 22 7 10 15 1 16 15 7 7 11 8 22 13 18 4 14 0 16 17 8 2 21 1 24 15 17 5 0 14 2 22 2 0 5 16 13 22 23 5 17 5 8 16 7 6 13 22 14 1 4 12 2 3 19 7 9 24 19 3 16 13 20 10 0 1 9 15 6 2 10 19 8 10 2 3 8 6 6 0 24 1 4 4 22 9 17 3 8 7 22 1 5 20 4 17 11 17 24 15 8 8 11 21 22 23 10 19 18 11 23 9 14 10 24 23 19 10 21 17 5 15 13 20 6 5 21 6 20 1 8 10 1 1 15 5 21 17 22 22 13 24 12 19 7 16 3 19 15 13 15 9 22 12 4 8 5 21 20 3 15 22 23 7 13 17 21 10 14 8 13 10 17 7 17 24 2 0 13 4 24 0 12 2 15 14 16 18 17 21 24 11 4 3 13 15 6 14 14 20 21 17 19 17 8 1 1 9 0 2 14 20 6 0 11 13 8 2 4 6 23 12 24 23 14 21 13 13 9 10 21 0 11 1 12 23 17 3 22 6 20 6 17 4 14 16 23 18 19 16 19 14 20 13 5 18 19 0 14 11 23 14 1 15 9 8 14 7 5 13 6 17 10 19 23 16 11 14 14 1 23 11 2 17 7 0 10 7 2 12 13 20 2 11 5 8 19 2 9 21 4 23 17 19 10 23 23 24 1 2 7 10 3 1 7 2 3 22 1 17 6 13 22 18 4 5 23 5 16 10 9 0 0 20 7 13 20 2 9 22 6 3 17 23 1 12 5 4 10 7 11 10 14 11 18 9 13 13 20 6 0 8 9 1 13 7 7 3 8 12 7 19 20 15 0 17 17 13 23 2 19 19 16 9 20 19 17 11 22 15 12 11 2 7 15 10 7 21 22 22 18 0 6 0 7 6 16 4 14 18 8 10 10 23 1 9 7 10 8 16 8 5 19 7 8 6 20 23 24 8 1 21 4 5 11 22 5 1 7 6 4 21 15 24 14 23 8 17 13 17 7 23 6 8 1 16 24 1 2 24 17 24 11 14 24 15
2 15 19 35 61 71 80 81 82 98 100 109 114 115 117 119 121 124 158 163 166 177 186 187 192 201 205 216 223 224 232 233 234 249 250 263 266 276 277 290 295 311 317 318 319 321 328 336 340 358 369 372 389 395 427 430 432 440 445 447 448 450 460 464 472 473 474 475 476 480 482 485 490 491 492 496 504 505 506 510 518 519 525 532 533 534 552 553 558 559 561 571 587 591 627 629 630 635 648 651 655 663 677 678 724 725 744 765 767 769 771 775 777 808 813 814 815 819 823 831 839 846 848 849 853 856 868 875 880 884 885 886 887 900 920 923 925 930 933 934 936 937 962 967 971 972 975 977 978 979 984 987 1006 1038 1039 1040 1041 1043 1047 1052 1055 1056 1057 1062 1064 1077 1078 1081 1092 1095 1098 1099 1105 1135 1151 1155 1159 1167 1200 1209 1213 1215 1218 1219 1220 1224 1225 1226 1227 1228 1231 1242 1247 1254 1256 1263 1268 1269 1275 1279 1280 1295 1297 1298 1304 1308 1317 1319 1332 1334 1338 1339 1343 1344 1350 1351 1353 1373 1382 1386 1387 1388 1393 1397 1403 1417 1426 1427 1429 1438 1452 1453 1458 1460 1461 1467 1482 1495 1505 1513 1515 1534 1540 1550 1555 1575 1578 1579 1581 1585 1587 1589 1605 1614 1630 1633 1640 1642 1644 1646 1647 1653 1660 1661 1664 1679 1692 1709 1712 1717 1720 1721 1722 1725 1752 1753 1760 1761 1788 1791 1814 1819 1827 1828 1835 1839 1843 1848 1861 1864 1865 1875 1877 1890 1893 1897 1905 1907 1917 1918 1921 1923 1925 1926 1930 1949 1957 1958 1974 1979 1988 1996 1997 2004 2009 2019 2022 2023 2029 2033 2044 2051 2064 2078 2087 2089 2091 2107 2108 2115 2118 2120 2121 2122 2124 2126 2127 2150 2157 2166 2181 2186 2190 2205 2215 2216 2217 2237 2242 2244 2252 2254 2257 2273 2275 2286 2297 2299 2310 2311 2318 2330 2339 2343 2352 2359 2365 2372 2378 2382 2392 2400 2406 2412 2422 2423 2424 2425 2431 2438 2460 2466 2467 2470 2481 2494 2500 2514 2524 2529 2531 2534 2551 2557 2566 2569 2570 2571 2574 2589 2599 2600 2625 2629 2630 2631 2632 2640 2645 2646 2647 2652 2656 2666 2670 2686 2706 2721 2722 2724 2734 2737 2753 2757 2758 2759 2768 2774 2775 2779 2790 2794 2825 2834 2841 2842 2843 2847 2850 2852 2854 2856 2864 2868 2882 2893 2907 2908 2909 2910 2926 2927 2934 2943 2951 2952 2958 2973 2977 2978 2998 3000 3004 3026 3033 3034 3035 3036 3037 3038 3039 3046 3051 3053 3060 3063 3075 3076 3080 3103 3117 3123 3124 3130 3139 3149 3176 3177 3181 3206 3207 3215 3216 3219 3223 3227 3228 3234 3236 3248 3249 3252 3261 3275 3281 3282 3285 3311 3314 3335 3336 3341 3347 3351 3356 3364 3368 3387 3398 3401 3408 3416 3423 3430 3431 3436 3448 3449 3464 3466 3474 3479 3480 3486 3489 3490 3491 3498 3524 3542 3552 3553 3572 3598 3613 3614 3616 3627 3629 3631 3632 3633 3641 3642 3644 3651 3657 3658 3659 3660 3674 3676 3685 3690 3695 3700 3703 3704 3717 3743 3745 3747 3759 3761 3766 3767 3782 3783 3784 3793 3800 3811 3812 3815 3827 3845 3849 3850 3856 3858 3869 3878 3890 3895 3899 3910 3950 3954 3971 3990 3995 3998 4005 4016 4017 4029 4032 4033 4039 4043 4053 4059 4062 4069 4071 4082 4083 4089 4092 4094 4097 4099 4115 4120 4126 4132 4133 4135 4140 4146 4153 4155 4157 4161 4163 4165 4166 4169 4172 4212 4215 4216 4218 4221 4223 4224 4227 4231 4239 4243 4247 4250 4253 4254 4262 4281 4283 4285 4314 4323 4327 4335 4338 4345 4359 4363 4367 4379 4392 4393 4394 4397 4400 4415 4416 4417 4418 4419 4424 4427 4430 4438 4440 4442 4448 4459 4468 4479 4496 4497 4515 4517 4520 4528 4543 4551 4565 4570 4571 4573 4576 4585 4592 4599 4602 4603 4604 4605 4620 4626 4627 4634 4651 4655 4656 4658 4667 4668 4669 4670 4671 4682 4687 4697 4699 4707 4710 4711 4741 4753 4754 4772 4803 4804 4811 4821 4822 4823 4846 4847 4848 4865 4880 4881 4882 4888 4904 4905 4911 4914 4928 4933 4935 4939 4947 4953 4966 4970 4974 4985 5000 5002 5003 5009 5015 5020 5021 5036 5037 5048 5053 5057 5060 5065 5069 5074 5076 5105 5113 5128 5144 5156 5162 5166 5167 5183 5195 5196 5200 5203 5215 5216 5217 5218 5221 5232 5245 5246 5250 5253 5256 5263 5267 5276 5316 5322 5342 5352 5353 5354 5358 5364 5368 5376 5390 5395 5433 5434 5442 5443 5453 5465 5472 5480 5481 5484 5492 5499 5505 5506 5512 5522 5538 5546 5560 5566 5567 5570 5574 5600 5608 5612 5614 5616 5635 5637 5640 5653 5664 5673 5675 5681 5683 5686 5687 5689 5697 5701 5703 5708 5709 5716 5754 5764 5774 5783 5784 5791 5802 5807 5827 5832 5834 5842 5850 5861 5863 5865 5866 5872 5888 5890 5891 5902 5905 5915 5924 5933 5945 5946 5959 5961 5965 5966 5979 5990 5997 6011 6019 6022 6035 6055 6061 6079 6080 6081 6085 6086 6098 6099 6100 6122 6131 6134 6139 6140 6142 6146 6148 6150 6151 6161 6168 6169 6173 6177 6182 6185 6219 6231 6232 6235 6238 6239 6248 6250 6259 6260 6274 6278 6280 6290 6306 6312 6314 6333 6342 6343 6347 6348 6351 6352 6354 6357 6364 6366 6372 6374 6378 6383 6395 6396 6397 6399 6403 6404 6406 6423 6431 6438 6439 6446 6451 6455 6473 6499 6522 6530 6535 6540 6543 6544 6545 6558 6560 6561 6563 6569 6574 6594 6599 6606 6608 6614 6621 6622 6634 6640 6647 6653 6675 6684 6692 6704 6708 6712 6727 6737 6738 6739 6743 6748 6749 6752 6758 6761 6762 6778 6787 6788 6800 6811 6818 6825 6826 6827 6835 6843 6851 6853 6878 6884 6891 6896 6917 6919 6920 6922 6923 6931 6933 6937 6938 6939 6943 6946 6949 6966 6972 6979 6988 7001 7003 7020 7021 7035 7044 7050 7058 7066 7070 7095 7120 7124 7125 7130 7131 7134 7140 7151 7152 7153 7176 7183 7189 7194 7206 7210 7214 7235 7238 7248 7250 7252 7266 7282 7305 7312 7350 7353 7365 7367 7368 7371 7373 7378 7380 7395 7397 7407 7409 7417 7431 7440 7455 7469 7476 7482 7486 7507 7529 7535 7548 7549 7550 7562 7570 7577 7581 7600 7601 7602 7603 7612 7614 7619 7641 7660 7661 7662 7675 7700 7701 7707 7712 7713 7714 7717 7723 7724 7734 7750 7786 7791 7803 7809 7818 7851 7856 7862 7866 7905 7908 7912 7915 7935 7938 7952 7976 7977 7991 8004 8011 8019 8024 8025 8034 8063 8067 8074 8080 8086 8092 8103 8104 8110 8112 8115 8135 8136 8141 8148 8151 8152 8153 8155 8162 8163 8175 8179 8180 8191 8194 8198 8227 8229 8230 8239 8241 8245 8252 8253 8258 8274 8280 8290 8292 8302 8307 8308 8322 8324 8335 8337 8362 8363 8373 8374 8383 8391 8406 8410 8413 8420 8426 8427 8438 8452 8465 8467 8471 8489 8500 8503 8511 8513 8524 8527 8528 8548 8572 8575 8576 8601 8626 8630 8633 8636 8637 8646 8664 8666 8674 8680 8681 8684 8687 8688 8705 8707 8711 8716 8729 8730 8731 8732 8744 8770 8780 8781 8782 8790 8794 8796 8815 8819 8820 8828 8830 8841 8849 8863 8867 8870 8875 8884 8890 8893 8903 8915 8917 8921 8936 8944 8960 8964 8980 8997 9003 9005 9033 9034 9038 9052 9059 9071 9078 9085 9087 9112 9115 9119 9125 9128 9131 9135 9143 9154 9156 9168 9170 9172 9192 9196 9199 9205 9207 9211 9235 9238 9239 9240 9246 9263 9310 9312 9320 9333 9335 9340 9341 9358 9362 9408 9418 9433 9441 9449 9465 9468 9481 9486 9493 9509 9518 9519 9525 9529 9532 9537 9545 9554 9566 9568 9573 9579 9581 9587 9591 9598 9613 9618 9628 9630 9636 9637 9638 9650 9654 9656 9663 9665 9685 9686 9691 9692 9700 9702 9706 9707 9712 9713 9738 9741 9742 9743 9747 9752 9754 9767 9769 9770 9774 9777 9784 9785 9786 9789 9790 9802 9806 9817 9821 9831 9851 9863 9889 9891 9914 9921 9925 9941 9963 9965 9969 9982 9985 9988 9990 10000 10001 10006 10008 10012 10014 10015 10042 10044 10056 10058 10060 10074 10093 10103 10123 10127 10130 10132 10140 10148 10157 10169 10175 10177 10181 10186 10196 10198 10201 10206 10211 10218 10220 10235 10254 10270 10277 10280 10281 10284 10288 10308 10312 10316 10321 10323 10324 10327 10332 10334 10353 10365 10372 10379 10395 10405 10406 10408 10420 10421 10425 10426 10429 10432 10449 10457 10458 10462 10483 10486 10487 10501 10505 10513 10514 10529 10532 10533 10544 10547 10551 10556 10557 10559 10561 10565 10569 10588 10596 10601 10603 10607 10620 10621 10625 10630 10635 10638 10642 10644 10650 10651 10653 10662 10682 10686 10699 10725 10737 10743 10748 10756 10757 10762 10766 10781 10799 10817 10826 10827 10829 10842 10845 10874 10876 10882 10883 10884 10886 10890 10895 10903 10908 10912 10919 10928 10932 10938 10943 10970 10976 10987 10999 11001 11010 11015 11031 11034 11038 11043 11044 11059 11066 11069 11070 11073 11076 11093 11094 11095 11096 11099 11102 11103 11105 11113 11114 11121 11129 11131 11139 11146 11156 11159 11161 11167 11170 11173 11180 11181 11185 11188 11198 11203 11221 11222 11225 11238 11241 11246 11258 11261 11264 11265 11270 11273 11276 11281 11290 11304 11316 11318 11321 11325 11326 11344 11352 11359 11361 11375 11379 11380 11387 11394 11395 11396 11425 11442 11461 11462 11463 11465 11470 11476 11477 11478 11484 11493 11495 11499 11503 11510 11519 11520 11528 11536 11543 11547 11550 11555 11572 11576 11577 11578 11579 11586 11595 11601 11602 11608 11611 11614 11618 11635 11648 11653 11668 11672 11680 11688 11689 11692 11694 11696 11725 11727 11738 11763 11764 11781 11782 11783 11792 11793 11794 11795 11804 11806 11808 11816 11827 11830 11831 11834 11837 11845 11858 11870 11872 11878 11897 11901 11911 11935 11943 11948 11953 11955 11974 12000 12012 12014 12021 12026 12029 12035 12038 12042 12050 12052 12054 12076 12077 12079 12084 12091 12101 12103 12107 12120 12125 12126 12136 12138 12141 12146 12159 12166 12170 12179 12180 12187 12190 12191 12195 12200 12209 12211 12222 12229 12230 12234 12240 12255 12266 12267 12273 12275 12283 12298 12312 12321 12323 12324 12340 12347 12352 12356 12367 12385 12389 12390 12409 12410 12412 12413 12417 12420 12422 12428 12434 12457 12460 12461 12472 12476 12481 12483 12485 12491 12492 12493 12495 12503 12504 12514 12526 12536 12540 12542 12543 12557 12559 12561 12569 12576 12582 12588 12600 12629 12653 12670 12700 12705 12707 12712 12722 12760 12769 12776 12777 12794 12846 12847 12861 12862 12873 12874 12875 12888 12898 12903 12922 12930 12931 12940 12941 12960 12961 12967 12973 12974 12976 12993 12994 12996 12998 13002 13003 13005 13010 13023 13025 13026 13032 13034 13038 13041 13047 13058 13063 13070 13077 13085 13092 13093 13100 13104 13128 13129 13140 13142 13143 13154 13162 13166 13167 13182 13192 13201 13203 13207 13211 13236 13238 13246 13251 13262 13263 13279 13281 13294 13325 13327 13328 13330 13356 13357 13363 13364 13366 13367 13372 13387 13405 13420 13455 13466 13467 13468 13469 13509 13515 13530 13532 13535 13542 13546 13553 13559 13560 13565 13577 13583 13602 13603 13622 13624 13626 13635 13636 13650 13656 13659 13663 13667 13680 13684 13685 13691 13692 13703 13708 13723 13728 13733 13737 13748 13749 13761 13762 13763 13769 13800 13805 13814 13816 13821 13824 13830 13840 13842 13849 13866 13868 13877 13882 13892 13895 13896 13899 13908 13916 13919 13923 13925 13933 13952 13953 13970 13982 13999 14004 14024 14028 14034 14037 14046 14056 14063 14066 14074 14076 14080 14090 14091 14096 14097 14106 14110 14129 14131 14140 14142 14151 14159 14173 14180 14192 14202 14209 14217 14226 14231 14235 14236 14247 14264 14269 14274 14279 14284 14285 14288 14290 14296 14301 14305 14319 14324 14329 14338 14341 14344 14347 14350 14351 14353 14363 14370 14372 14379 14384 14385 14395 14399 14408 14409 14410 14411 14414 14423 14424 14440 14445 14446 14447 14451 14456 14472 14479 14487 14507 14513 14515 14517 14532 14535 14538 14539 14548 14549 14558 14560 14565 14582 14589 14593 14594 14606 14607 14608 14631 14638 14640 14642 14647 14648 14649 14650 14654 14663 14673 14675 14683 14689 14694 14695 14696 14697 14698 14703 14704 14705 14729 14736 14743 14749 14754 14757 14761 14776 14777 14779 14780 14781 14793 14799 14813 14819 14826 14862 14881 14884 14891 14894 14898 14905 14913 14914 14916 14969 14972 14973 14975 14985 14999 15004 15005 15018 15029 15041 15060 15078 15084 15085 15086 15090 15092 15097 15102 15109 15110 15114 15115 15120 15147 15153 15155 15157 15158 15171 15172 15182 15183 15187 15188 15203 15207 15209 15210 15211 15212 15219 15221 15222 15224 15225 15237 15241 15251 15255 15263 15283 15290 15305 15318 15321 15323 15331 15345 15354 15398 15403 15426 15434 15436 15437 15445 15451 15475 15481 15492 15493 15494 15525 15529 15547 15548 15559 15568 15570 15579 15580 15584 15592 15593 15594 15596 15611 15613 15621 15633 15635 15642 15646 15648 15651 15658 15659 15665 15680 15681 15704 15710 15719 15721 15722 15723 15724 15732 15733 15734 15735 15738 15743 15747 15759 15760 15761 15762 15764 15769 15780 15785 15795 15803 15808 15827 15831 15835 15837 15842 15846 15858 15861 15868 15870 15877 15888 15894 15895 15901 15905 15922 15926 15935 15938 15952 15954 15959 15962 15964 15969 15977 15984 15988 15990 16004 16005 16016 16018 16027 16044 16055 16056 16065 16066 16072 16081 16090 16092 16093 16118 16125 16133 16136 16144 16151 16155 16156 16157 16162 16163 16181 16182 16186 16187 16190 16191 16204 16209 16212 16218 16228 16247 16262 16267 16268 16278 16283 16284 16290 16296 16304 16305 16313 16324 16325 16365 16367 16368 16380 16381 16387 16398 16408 16413 16414 16421 16422 16428 16442 16448 16454 16456 16457 16469 16472 16477 16478 16479 16497 16499 16508 16510 16524 16529 16540 16549 16551 16559 16563 16565 16566 16567 16568 16573 16574 16587 16591 16593 16594 16598 16601 16603 16606 16609 16612 16626 16627 16640 16670 16677 16679 16682 16697 16709 16712 16713 16714 16716 16718 16719 16720 16724 16727 16728 16729 16730 16736 16741 16742 16768 16774 16782 16798 16799 16804 16811 16832 16840 16844 16849 16850 16855 16857 16861 16862 16863 16869 16875 16876 16882 16889 16902 16914 16924 16925 16934 16945 16953 16973 16975 16979 16996 16997 17019 17026 17030 17031 17036 17037 17047 17062 17076 17086 17089 17104 17105 17107 17111 17116 17121 17124 17125 17127 17131 17136 17142 17145 17148 17153 17160 17162 17166 17168 17172 17180 17181 17188 17190 17192 17195 17206 17212 17219 17220 17221 17236 17237 17238 17256 17274 17286 17299 17311 17313 17314 17318 17319 17321 17328 17334 17338 17362 17369 17375 17378 17385 17386 17393 17395 17408 17416 17422 17423 17431 17435 17442 17444 17451 17452 17453 17474 17476 17477 17478 17484 17493 17502 17505 17511 17512 17515 17519 17523 17528 17531 17538 17539 17540 17542 17558 17569 17573 17579 17581 17598 17606 17617 17620 17628 17633 17642 17644 17646 17658 17660 17666 17669 17673 17677 17678 17683 17689 17695 17698 17700 17702 17704 17714 17719 17721 17723 17724 17744 17760 17763 17773 17805 17827 17834 17837 17844 17849 17850 17854 17855 17856 17870 17874 17886 17893 17895 17900 17903 17912 17913 17936 17937 17938 17950 17962 17964 17967 17999 18034 18046 18048 18049 18051 18058 18060 18063 18064 18083 18089 18120 18137 18145 18147 18150 18158 18162 18163 18171 18172 18173 18180 18194 18197 18204 18237 18238 18240 18248 18252 18258 18259 18270 18279 18283 18288 18300 18307 18310 18313 18331 18332 18333 18337 18345 18348 18352 18354 18366 18368 18379 18380 18381 18385 18390 18397 18399 18400 18403 18404 18407 18408 18413 18414 18415 18418 18423 18424 18428 18439 18440 18447 18456 18458 18483 18489 18496 18499 18501 18506 18509 18510 18530 18545 18548 18554 18562 18564 18565 18571 18573 18602 18611 18613 18620 18627 18632 18633 18637 18638 18655 18656 18667 18670 18673 18676 18677 18689 18694 18695 18698 18734 18739 18743 18746 18752 18756 18758 18765 18773 18777 18782 18783 18793 18797 18828 18847 18853 18861 18862 18863 18877 18885 18891 18895 18906 18909 18911 18912 18914 18915 18917 18918 18919 18927 18940 18949 18954 18956 18959 18960 18964 18965 18966 18967 18975 18977 18979 18983 18985 18988 18995 18998 19002 19013 19031 19039 19042 19056 19068 19084 19092 19127 19140 19144 19154 19158 19192 19195 19198 19199 19212 19213 19221 19222 19223 19238 19255 19263 19265 19278 19283 19284 19286 19292 19302 19303 19320 19324 19331 19332 19337 19346 19352 19357 19359 19364 19376 19397 19419 19422 19423 19433 19441 19456 19457 19459 19462 19463 19480 19485 19498 19513 19514 19515 19523 19524 19529 19530 19548 19549 19575 19577 19584 19590 19600 19611 19615 19617 19619 19621 19639 19641 19642 19643 19644 19645 19653 19660 19661 19662 19668 19677 19682 19686 19687 19688 19694 19695 19696 19705 19713 19716 19719 19720 19723 19739 19741 19751 19759 19764 19778 19787 19800 19801 19802 19808 19809 19810 19811 19812 19821 19822 19829 19831 19833 19834 19837 19840 19850 19851 19854 19864 19868 19873 19901 19902 19904 19906 19907 19908 19914 19960 19970 19975 19981 19988 19989 19991 20000 20001 20023 20032 20043 20063 20069 20072 20074 20084 20085 20086 20096 20098 20115 20118 20161 20162 20167 20169 20170 20172 20174 20178 20180 20187 20193 20198 20200 20215 20222 20227 20228 20229 20252 20262 20264 20286 20287 20294 20295 20311 20316 20317 20321 20322 20326 20328 20335 20336 20340 20348 20353 20356 20358 20367 20381 20386 20388 20389 20391 20395 20398
232 221 210 265 223 275 271 280 244 301 238 281 343 338 308 342 324 323 388 301 292 380 389 417 422 327 369 389 415 427 396 427 440 422 451 389 458 506 443 454 525 510 489 521 477 524 500 539 544 549 542 575 592 586 589 568 596 578 675 641 651 656 663 663 702 631 646 681 705 683 676 670 681 690 695 654 707 711 644 682 748 723 724 704 732 719 718 783 762 744 791 801 713 794 831 828 833 836 852 850 859 862 907 882 954 851 938 968 940 999 937 979 968 1031 1004 1017 1045 985 1053 1034 1045 1010 1040 1041 1038 1047 1026 1098 1079 1085 1091 1089 1110 1103 1092 1126 1155 1136 1106 1138 1130 1109 1165 1170 1201 1164 1167 1162 1170 1183 1214 1186 1197 1242 1197 1270 1245 1249 1250 1237 1258 1218 1256 1265 1258 1271 1242 1304 1256 1298 1236 1293 1290 1336 1323 1321 1297 1352 1403 1371 1436 1445 1419 1410 1426 1397 1383 1456 1430 1419 1432 1408 1446 1448 1485 1454 1467 1473 1437 1478 1510 1489 1496 1499 1442 1537 1481 1477 1555 1472 1541 1497 1505 1510 1579 1524 1519 1603 1520 1559 1578 1514 1551 1563 1595 1543 1598 1585 1623 1600 1625 1625 1616 1632 1665 1697 1654 1724 1708 1675 1677 1672 1739 1751 1727 1760 1777 1802 1766 1784 1778 1793 1796 1808 1829 1827 1841 1768 1782 1849 1877 1856 1826 1827 1849 1880 1895 1939 1850 1947 1893 1859 1914 1931 1916 1957 1952 1967 2018 1929 2017 2010 2033 2031 2007 2033 2035 2033 2091 2056 2069 2033 2076 2096 2097 2100 2135 2071 2146 2044 2125 2124 2098 2118 2088 2150 2149 2188 2180 2117 2182 2199 2163 2203 2135 2248 2195 2181 2232 2263 2248 2215 2237 2269 2290 2292 2321 2233 2270 2314 2284 2284 2351 2328 2347 2332 2321 2314 2342 2369 2375 2378 2362 2408 2409 2415 2440 2440 2434 2447 2451 2446 2460 2435 2474 2487 2527 2484 2511 2469 2456 2534 2569 2509 2516 2485 2564 2536 2569 2588 2622 2601 2564 2641 2548 2653 2653 2617 2569 2564 2661 2669 2670 2674 2643 2724 2672 2686 2696 2732 2734 2737 2745 2780 2796 2731 2793 2774 2768 2747 2829 2804 2797 2801 2824 2804 2758 2839 2848 2845 2832 2882 2860 2869 2832 2871 2832 2885 2925 2916 2896 2938 2952 2923 2981 2932 2940 2940 2974 2980 2928 2932 3055 3033 3003 3041 3072 3013 3054 3082 3055 3018 3002 3034 3085 3065 3130 3114 3115 3139 3052 3099 3164 3128 3155 3156 3161 3177 3200 3179 3197 3201 3168 3218 3236 3233 3258 3208 3201 3241 3269 3184 3213 3225 3226 3266 3276 3240 3265 3333 3323 3314 3290 3333 3340 3379 3375 3303 3307 3397 3345 3387 3419 3422 3385 3399 3392 3464 3465 3478 3479 3444 3433 3401 3453 3476 3508 3502 3515 3539 3537 3570 3550 3513 3555 3567 3567 3590 3583 3559 3631 3639 3589 3588 3557 3598 3574 3679 3636 3624 3678 3652 3686 3685 3692 3693 3683 3690 3725 3745 3775 3783 3773 3801 3812 3786 3845 3785 3835 3830 3835 3839 3807 3845 3829 3850 3795 3796 3832 3833 3846 3861 3914 3920 3898 3904 3894 3876 3946 3916 3871 3951 3962 3927 3939 3929 3985 3984 3983 4016 3999 4034 3974 3987 4012 3983 4043 4051 4047 4061 4033 4072 4084 4098 4037 4082 4122 4157 4143 4213 4180 4201 4209 4219 4143 4221 4170 4236 4224 4216 4282 4289 4247 4268 4300 4273 4313 4280 4298 4297 4300 4263 4273 4323 4292 4290 4299 4301 4343 4337 4357 4354 4351 4391 4362 4329 4365 4372 4402 4350 4353 4380 4403 4394 4415 4430 4389 4437 4469 4446 4448 4412 4426 4453 4492 4511 4486 4488 4544 4526 4500 4536 4523 4537 4589 4564 4539 4585 4593 4584 4567 4596 4629 4606 4554 4647 4584 4592 4596 4585 4633 4611 4606 4645 4649 4653 4659 4680 4690 4663 4744 4720 4684 4686 4747 4717 4750 4732 4770 4772 4749 4815 4822 4772 4768 4806 4762 4790 4826 4820 4818 4806 4855 4884 4848 4822 4896 4794 4899 4874 4865 4885 4859 4891 4861 4908 4940 4914 4971 4947 4984 4938 5006 4930 5003 4947 4980 5024 5050 5051 5014 5068 5044 5080 5055 5091 5134 5077 5114 5099 5086 5071 5165 5065 5105 5156 5104 5169 5132 5123 5172 5160 5204 5212 5218 5223 5224 5239 5240 5212 5256 5183 5283 5264 5298 5304 5248 5290 5314 5290 5338 5348 5365 5357 5368 5386 5389 5395 5403 5365 5445 5446 5343 5448 5424 5431 5444 5475 5414 5415 5459 5493 5470 5461 5474 5486 5508 5524 5557 5577 5561 5594 5559 5575 5594 5589 5636 5572 5641 5647 5615 5668 5630 5653 5682 5678 5691 5702 5699 5710 5715 5726 5737 5750 5751 5751 5758 5736 5766 5764 5734 5738 5808 5807 5838 5860 5843 5815 5802 5876 5905 5904 5875 5885 5917 5847 5900 5900 5904 5900 5912 5901 5984 5936 5977 5945 5987 5994 5974 5980 6031 6017 6038 5968 6008 6033 6001 6095 6024 6045 6092 6089 6082 6125 6108 6118 6154 6091 6109 6112 6097 6133 6127 6157 6180 6220 6155 6202 6210 6194 6229 6227 6227 6264 6309 6284 6315 6285 6327 6302 6329 6307 6325 6272 6369 6332 6345 6304 6314 6351 6315 6327 6360 6372 6376 6350 6412 6384 6420 6430 6455 6429 6410 6462 6412 6456 6423 6424 6477 6507 6446 6462 6509 6476 6505 6534 6565 6546 6546 6486 6581 6510 6553 6495 6594 6596 6557 6577 6581 6555 6568 6534 6620 6572 6633 6607 6598 6615 6630 6641 6624 6645 6657 6640 6702 6700 6721 6760 6693 6678 6742 6745 6739 6722 6752 6764 6689 6770 6736 6732 6771 6797 6838 6817 6815 6760 6837 6843 6850 6857 6878 6883 6922 6868 6902 6911 6865 6931 6944 6942 6949 6914 6887 6955 6950 6964 6961 6979 6925 7018 6973 7014 7010 7029 6988 6989 7038 7072 7055 7025 7082 7107 7095 7034 7147 7122 7150 7125 7049 7089 7132 7143 7130 7162 7081 7176 7155 7092 7175 7152 7191 7193 7194 7192 7224 7264 7273 7249 7196 7239 7236 7325 7293 7262 7354 7322 7316 7306 7343 7277 7343 7325 7314 7356 7361 7398 7372 7374 7376 7373 7396 7449 7456 7378 7465 7444 7490 7476 7476 7545 7594 7533 7598 7574 7565 7601 7583 7586 7561 7580 7567 7647 7632 7639 7654 7673 7699 7667 7624 7699 7733 7707 7751 7713 7749 7735 7742 7735 7780 7772 7804 7806 7806 7785 7799 7783 7803 7798 7890 7800 7833 7858 7893 7871 7878 7942 7943 7947 7895 7909 7860 7922 7958 7955 8006 8015 7980 8080 8055 8000 8058 8096 8137 8106 8118 8101 8141 8137 8148 8171 8182 8162 8183 8218 8247 8197 8226 8227 8231 8265 8309 8289 8250 8297 8327 8283 8311 8281 8339 8337 8371 8274 8323 8351 8356 8319 8300 8301 8313 8345 8403 8390 8424 8399 8365 8428 8415 8469 8405 8417 8418 8444 8396 8447 8484 8482 8418 8496 8445 8507 8495 8496 8538 8567 8547 8593 8603 8500 8584 8614 8564 8595 8616 8643 8592 8565 8602 8655 8688 8625 8701 8651 8703 8667 8669 8716 8709 8689 8731 8674 8802 8767 8748 8795 8827 8815 8836 8839 8840 8876 8894 8851 8865 8852 8854 8856 8917 8891 8908 8880 8915 8919 8930 8894 8930 8936 8945 8928 8972 9004 9011 9020 8952 9026 8973 9020 8992 9031 9002 9013 9022 9057 9061 9100 9076 9042 9028 9116 9069 9087 9081 9151 9159 9174 9159 9167 9144 9169 9169 9211 9263 9226 9230 9210 9231 9262 9307 9314 9245 9278 9273 9349 9355 9357 9335 9308 9315 9353 9357 9362 9364 9334 9358 9400 9325 9396 9380 9414 9361 9441 9440 9439 9469 9462 9482 9485 9512 9539 9507 9534 9479 9516 9563 9593 9582 9627 9640 9653 9671 9640 9672 9689 9659 9682 9741 9718 9691 9721 9731 9760 9774 9716 9789 9767 9772 9752 9707 9759 9794 9770 9812 9841 9831 9824 9835 9831 9841 9849 9884 9822 9789 9868 9811 9889 9853 9922 9930 9905 9832 9833 9942 9936 9864 9903 9914 9942 9946 9953 9880 9966 9998 9961 9973 9949 10007 9957 9958 9990 9975 9994 9998 10016 10051 10016 10017 10093 10083 10092 10117 10085 10155 10144 10166 10168 10172 10108 10184 10114 10152 10199 10204 10170 10174 10178 10215 10218 10215 10247 10248 10220 10232 10259 10231 10333 10314 10293 10302 10290 10363 10306 10360 10307 10333 10407 10411 10352 10399 10397 10373 10435 10396 10447 10450 10420 10453 10461 10483 10481 10484 10483 10491 10493 10511 10474 10527 10489 10482 10493 10561 10533 10557 10594 10538 10609 10567 10608 10636 10611 10650 10613 10654 10552 10595 10604 10678 10663 10622 10691 10713 10685 10660 10695 10704 10685 10676 10752 10736 10736 10773 10709 10752 10786 10786 10753 10725 10756 10695 10787 10787 10793 10776 10810 10826 10820 10824 10803 10834 10810 10814 10770 10835 10857 10856 10891 10876 10878 10922 10928 10941 10966 10978 10955 10949 10888 10965 10945 10990 11021 11055 10999 11058 11048 11039 11104 11080 11073 11087 11056 11058 11054 11053 11065 11046 11113 11142 11101 11133 11137 11172 11200 11179 11172 11163 11231 11136 11214 11216 11228 11223 11237 11267 11262 11265 11273 11255 11245 11279 11265 11297 11280 11262 11271 11260 11304 11334 11312 11252 11324 11359 11360 11301 11284 11341 11358 11319 11305 11400 11376 11379 11411 11370 11360 11401 11426 11450 11413 11431 11468 11432 11408 11462 11460 11465 11423 11396 11474 11438 11419 11489 11503 11519 11491 11515 11524 11490 11547 11516 11562 11562 11579 11571 11552 11616 11579 11521 11558 11591 11600 11633 11661 11589 11659 11628 11679 11678 11679 11650 11657 11698 11700 11688 11713 11677 11658 11686 11739 11715 11739 11751 11758 11771 11742 11739 11736 11778 11758 11796 11805 11766 11746 11784 11752 11782 11865 11820 11838 11859 11845 11852 11854 11918 11850 11856 11899 11955 11928 11941 11969 11968 12011 11986 11987 12015 11951 11952 11987 11966 11979 11980 12017 12028 12036 12034 12037 12022 12017 12030 12100 12101 12050 12098 12067 12096 12134 12115 12171 12183 12127 12138 12166 12211 12208 12224 12229 12201 12208 12230 12245 12222 12178 12220 12279 12250 12302 12222 12292 12307 12333 12292 12319 12297 12356 12330 12311 12326 12308 12358 12332 12342 12317 12403 12390 12389 12392 12401 12430 12432 12337 12423 12428 12433 12433 12441 12458 12438 12433 12437 12478 12447 12499 12470 12527 12514 12497 12570 12546 12553 12586 12531 12523 12555 12581 12603 12639 12538 12643 12616 12619 12621 12600 12633 12583 12586 12655 12644 12679 12666 12713 12658 12694 12650 12687 12699 12667 12703 12640 12729 12765 12706 12708 12746 12715 12725 12687 12707 12770 12708 12760 12801 12755 12883 12828 12930 12878 12937 12876 12945 12951 12999 12949 13000 12979 13069 13032 13062 13061 13045 13046 13041 13091 13060 13069 13125 13122 13137 13141 13103 13166 13191 13129 13202 13177 13102 13157 13200 13158 13197 13205 13165 13163 13174 13222 13248 13255 13170 13160 13242 13271 13276 13252 13229 13243 13271 13223 13295 13259 13292 13230 13332 13332 13346 13336 13307 13326 13320 13324 13361 13373 13384 13400 13376 13379 13405 13400 13410 13418 13481 13485 13466 13482 13480 13524 13555 13530 13557 13503 13559 13549 13535 13555 13596 13566 13544 13617 13531 13643 13581 13660 13668 13594 13668 13694 13718 13733 13735 13707 13772 13719 13756 13750 13732 13788 13800 13709 13794 13807 13821 13796 13829 13836 13821 13849 13814 13888 13821 13868 13838 13913 13858 13895 13895 13907 13872 13952 13866 13932 13909 13947 13978 13991 13926 13889 13927 13926 14008 14020 14046 14006 14018 14060 14013 14034 14079 14051 14071 14049 14081 14064 14068 14100 14128 14111 14088 14142 14152 14119 14118 14110 14125 14173 14211 14202 14195 14227 14231 14207 14222 14250 14279 14235 14204 14297 14280 14286 14291 14253 14326 14301 14305 14333 14301 14325 14302 14345 14350 14325 14367 14386 14391 14340 14403 14423 14425 14416 14426 14439 14448 14455 14461 14473 14445 14457 14515 14414 14475 14487 14474 14497 14542 14523 14467 14567 14542 14547 14546 14580 14542 14582 14525 14564 14601 14582 14583 14588 14625 14563 14572 14613 14548 14584 14608 14595 14609 14663 14603 14645 14650 14681 14650 14675 14680 14649 14665 14716 14716 14720 14726 14708 14767 14742 14747 14752 14716 14724 14764 14785 14795 14797 14798 14779 14745 14781 14823 14841 14813 14872 14785 14849 14815 14880 14816 14827 14903 14867 14889 14892 14885 14894 14868 14882 14928 14894 14908 14863 14901 14927 14947 14952 14958 14942 14899 15005 14969 14982 14944 14984 15016 14937 15004 15049 15020 15024 15084 15083 15063 15086 15101 15134 15136 15080 15074 15198 15157 15099 15169 15186 15161 15196 15163 15156 15167 15207 15233 15204 15314 15315 15259 15294 15264 15300 15331 15339 15309 15315 15287 15350 15305 15347 15356 15348 15324 15374 15402 15381 15309 15378 15373 15394 15437 15347 15368 15414 15411 15391 15420 15452 15397 15363 15375 15367 15436 15454 15466 15456 15493 15509 15490 15487 15522 15457 15575 15557 15627 15561 15588 15596 15639 15610 15674 15654 15681 15672 15722 15723 15656 15717 15732 15753 15749 15721 15771 15736 15751 15774 15710 15750 15766 15788 15762 15810 15785 15851 15825 15807 15865 15812 15821 15789 15796 15862 15829 15844 15880 15889 15868 15881 15944 15888 15924 15897 15904 15937 15892 15861 15961 15935 15953 15960 15952 15925 15985 15949 15931 16009 15986 15998 15961 15946 15989 16034 15973 16022 16014 16012 15996 16055 16071 16071 16003 16050 16097 16118 16100 16090 16125 16092 16127 16132 16125 16145 16182 16126 16194 16173 16169 16183 16146 16148 16208 16235 16178 16156 16191 16247 16219 16182 16266 16204 16257 16284 16256 16265 16322 16348 16324 16336 16340 16374 16380 16321 16322 16360 16363 16366 16339 16385 16358 16388 16354 16394 16407 16335 16413 16421 16401 16373 16454 16497 16469 16481 16456 16456 16520 16499 16442 16535 16439 16497 16528 16527 16558 16530 16565 16539 16559 16628 16599 16598 16606 16650 16628 16634 16645 16606 16645 16657 16660 16698 16634 16680 16681 16702 16700 16690 16700 16668 16690 16667 16739 16748 16774 16789 16786 16768 16765 16759 16767 16803 16777 16772 16717 16816 16817 16827 16739 16788 16836 16812 16813 16829 16812 16839 16861 16907 16882 16874 16901 16900 16942 16885 16852 16915 16856 16922 16950 16930 16926 16958 16901 16960 16898 16914 16941 16906 16997 16985 16956 16925 17007 17005 17023 17044 17035 17079 17056 17017 17087 17065 17092 17093 17099 17037 17048 17054 17088 17094 17115 17153 17154 17072 17174 17144 17135 17174 17151 17199 17200 17249 17249 17260 17197 17194 17209 17270 17285 17279 17289 17319 17307 17231 17330 17310 17307 17327 17297 17328 17299 17325 17308 17343 17375 17354 17344 17390 17300 17324 17371 17371 17384 17347 17361 17393 17377 17389 17436 17350 17449 17421 17413 17362 17409 17404 17414 17480 17490 17522 17483 17505 17486 17521 17491 17522 17513 17525 17511 17520 17572 17541 17570 17591 17512 17565 17625 17631 17646 17621 17626 17637 17601 17600 17635 17617 17655 17656 17636 17699 17676 17670 17678 17631 17674 17709 17702 17684 17738 17683 17722 17686 17716 17704 17711 17770 17746 17730 17733 17772 17743 17785 17828 17797 17809 17819 17831 17863 17814 17874 17869 17849 17863 17867 17861 17872 17849 17836 17821 17918 17859 17824 17930 17905 17907 17899 17949 17847 17914 17916 17917 17966 17967 17931 18008 17993 18035 18001 18050 18079 18073 18060 18019 17982 18093 18075 18087 18097 18080 18058 18041 18050 18112 18139 18109 18064 18173 18165 18163 18125 18229 18207 18184 18220 18211 18223 18243 18226 18286 18287 18245 18288 18319 18340 18351 18377 18344 18320 18365 18366 18343 18378 18358 18383 18424 18403 18403 18409 18468 18406 18440 18425 18459 18489 18469 18480 18456 18446 18523 18513 18468 18471 18497 18562 18532 18509 18544 18547 18544 18539 18595 18598 18582 18571 18507 18615 18556 18589 18565 18603 18602 18633 18545 18631 18643 18613 18588 18544 18589 18623 18631 18642 18632 18619 18655 18664 18655 18712 18688 18705 18673 18709 18681 18695 18694 18749 18740 18692 18747 18768 18794 18735 18739 18774 18802 18807 18792 18826 18817 18795 18775 18764 18847 18822 18868 18842 18845 18849 18876 18861 18924 18867 18921 18892 18897 18946 18950 18916 18928 18931 18966 18977 18939 18974 19006 18957 18935 19029 19050 19082 19046 19065 19035 19076 19077 19083 19098 19112 19108 19115 19074 19072 19144 19120 19090 19045 19126 19141 19122 19155 19128 19097 19132 19155 19168 19160 19197 19166 19207 19151 19156 19177 19218 19189 19228 19206 19185 19193 19242 19214 19214 19234 19287 19315 19299 19343 19374 19346 19359 19364 19401 19428 19402 19403 19375 19393 19394 19381 19441 19417 19427 19437 19481 19487 19490 19489 19456 19531 19495 19493 19488 19493 19562 19560 19576 19516 19560 19558 19502 19579 19569 19649 19628 19626 19636 19626 19614 19621 19662 19668 19589 19638 19688 19662 19639 19713 19673 19695 19725 19721 19729 19742 19687 19805 19780 19814 19781 19806 19814 19819 19821 19792 19824 19831 19814 19806 19846 19843 19846 19779 19832 19864 19820 19897 19907 19820 19892 19890 19850 19900 19867 19858 19899 19916 19908 19911 19893 19924 19943 19964 19954 19917 19956 19981 19990 19926 20024 20031 20011 20039 19983 19977 20016 19993 19994 20021 20034 19997 20064 20067 20031 20053 20024 20084 20036 20030 20072 20067 20131 20066 20070 20110 20074 20120 20163 20169 20174 20180 20182 20193 20192 20204 20204 20224 20223 20181 20235 20263 20295 20280 20290 20288 20244 20299 20301 20321 20341 20352 20385 20397 20399 20373 20395 20375 20351 20383 20372 20416 20356 20399 20353 20452 20389 20427 20459 20410 20465 20465 20424 20486 20460 20480 20483 20519 20540 20493 20514 20498 20531 20538 20537 20563 20506 20544 20541 20516 20531 20566 20558 20573 20551 20563 20580 20564
