25 3 9
2 4 3
10 30 42 35 27 25 41 28 18
20 27 22 50 45 44 18 32 21
50 26 23 36 18 22 23 28 14
25 26 50 15 19 50 25 29 29
19 47 27 42 24 48 32 49 23
11 32 41 30 36 22 49 26 38
32 20 48 21 29 16 33 24 44
50 28 46 22 45 50 36 47 43
20 31 22 36 10 11 39 43 34
37 35 25 42 45 23 25 36 14
45 24 15 10 40 23 36 11 37
20 40 39 22 39 30 20 10 41
42 19 42 14 24 29 36 22 44
11 21 25 31 19 33 23 49 22
25 45 17 14 34 11 17 37 16
27 21 37 14 49 49 34 10 42
41 23 29 15 24 22 15 37 34
27 44 12 29 36 14 25 34 36
40 47 27 39 17 14 28 31 42
46 32 22 23 25 17 50 37 49
19 30 41 26 46 50 24 50 18
25 41 28 45 27 16 31 29 39
50 17 11 44 31 39 45 19 37
43 24 21 38 12 11 11 18 33
29 13 15 42 45 12 26 34 19
1 2 3 4 5 6 7 8 9 10 11 12 13 14 15 16 17 18 19 20 21 22 23 24 25 26 27 28 29 30 31 32 33 34 35 36 37 38 39 40 41 42 43 44 45 46 47 48 49 50 51 52 53 54 55 56 57 58 59 60 61 62 63 64 65 66 67 68 69 70 71 72 73 74 75 76 77 78 79 80 81 82 83 84 85 86 87 88 89 90 91 92 93 94 95 96 97 98 99 100 101 102 103 104 105 106 107 108 109 110 111 112 113 114 115 116 117 118 119 120 121 122 123 124 125 126 127 128 129 130 131 132 133 134 135 136 137 138 139 140 141 142 143 144 145 146 147 148 149 150 151 152 153 154 155 156 157 158 159 160 161 162 163 164 165 166 167 168 169 170 171 172 173 174 175 176 177 178 179 180 181 182 183 184 185 186 187 188 189 190 191 192 193 194 195 196 197 198 199 200 201 202 203 204 205 206 207 208 209 210 211 212 213 214 215 216 217 218 219 220 221 222 223 224 225 226 227 228 229 230 231 232 233 234 235 236 237 238 239 240 241 242 243 244 245 246 247 248 249 250 251 252 253 254 255 256 257 258 259 260 261 262 263 264 265 266 267 268 269 270 271 272 273 274 275 276 277 278 279 280 281 282 283 284 285 286 287 288 289 290 291 292 293 294 295 296 297 298 299 300 301 302 303 304 305 306 307 308 309 310 311 312 313 314 315 316 317 318 319 320 321 322 323 324 325 326 327 328 329 330 331 332 333 334 335 336 337 338 339 340 341 342 343 344 345 346 347 348 349 350 351 352 353 354 355 356 357 358 359 360 361 362 363 364 365 366 367 368 369 370 371 372 373 374 375 376 377 378 379 380 381 382 383 384 385 386 387 388 389 390 391 392 393 394 395 396 397 398 399 400 401 402 403 404 405 406 407 408 409 410 411 412 413 414 415 416 417 418 419 420 421 422 423 424 425 426 427 428 429 430 431 432 433 434 435 436 437 438 439 440 441 442 443 444 445 446 447 448 449 450 451 452 453 454 455 456 457 458 459 460 461 462 463 464 465 466 467 468 469 470 471 472 473 474 475 476 477 478 479 480 481 482 483 484 485 486 487 488 489 490 491 492 493 494 495 496 497 498 499 500 501 502 503 504 505 506 507 508 509 510 511 512 513 514 515 516 517 518 519 520 521 522 523 524 525 526 527 528 529 530 531 532 533 534 535 536 537 538 539 540 541 542 543 544 545 546 547 548 549 550 551 552 553 554 555 556 557 558 559 560 561 562 563 564 565 566 567 568 569 570 571 572 573 574 575 576 577 578 579 580 581 582 583 584 585 586 587 588 589 590 591 592 593 594 595 596 597 598 599 600 601 602 603 604 605 606 607 608 609 610 611 612 613 614 615 616 617 618 619 620 621 622 623 624 625 626 627 628 629 630 631 632 633 634 635 636 637 638 639 640 641 642 643 644 645 646 647 648 649 650 651 652 653 654 655 656 657 658 659 660 661 662 663 664 665 666 667 668 669 670 671 672 673 674 675 676 677 678 679 680 681 682 683 684 685 686 687 688 689 690 691 692 693 694 695 696 697 698 699 700 701 702 703 704 705 706 707 708 709 710 711 712 713 714 715 716 717 718 719 720 721 722 723 724 725 726 727 728 729 730 731 732 733 734 735 736 737 738 739 740 741 742 743 744 745 746 747 748 749 750 751 752 753 754 755 756 757 758 759 760 761 762 763 764 765 766 767 768 769 770 771 772 773 774 775 776 777 778 779 780 781 782 783 784 785 786 787 788 789 790 791 792 793 794 795 796 797 798 799 800 801 802 803 804 805 806 807 808 809 810 811 812 813 814 815 816 817 818 819 820 821 822 823 824 825 826 827 828 829 830 831 832 833 834 835 836 837 838 839 840 841 842 843 844 845 846 847 848 849 850 851 852 853 854 855 856 857 858 859 860 861 862 863 864 865 866 867 868 869 870 871 872 873 874 875 876 877 878 879 880 881 882 883 884 885 886 887 888 889 890 891 892 893 894 895 896 897 898 899 900 901 902 903 904 905 906 907 908 909 910 911 912 913 914 915 916 917 918 919 920 921 922 923 924 925 926 927 928 929 930 931 932 933 934 935 936 937 938 939 940 941 942 943 944 945 946 947 948 949 950 951 952 953 954 955 956 957 958 959 960 961 962 963 964 965 966 967 968 969 970 971 972 973 974 975 976 977 978 979 980 981 982 983 984 985 986 987 988 989 990 991 992 993 994 995 996 997 998 999 1000 1001 1002 1003 1004 1005 1006 1007 1008 1009 1010 1011 1012 1013 1014 1015 1016 1017 1018 1019 1020 1021 1022 1023 1024 1025 1026 1027 1028 1029 1030 1031 1032 1033 1034 1035 1036 1037 1038 1039 1040 1041 1042 1043 1044 1045 1046 1047 1048 1049 1050 1051 1052 1053 1054 1055 1056 1057 1058 1059 1060 1061 1062 1063 1064 1065 1066 1067 1068 1069 1070 1071 1072 1073 1074 1075 1076 1077 1078 1079 1080 1081 1082 1083 1084 1085 1086 1087 1088 1089 1090 1091 1092 1093 1094 1095 1096 1097 1098 1099 1100 1101 1102 1103 1104 1105 1106 1107 1108 1109 1110 1111 1112 1113 1114 1115 1116 1117 1118 1119 1120 1121 1122 1123 1124 1125 1126 1127 1128 1129 1130 1131 1132 1133 1134 1135 1136 1137 1138 1139 1140 1141 1142 1143 1144 1145 1146 1147 1148 1149 1150 1151 1152 1153 1154 1155 1156 1157 1158 1159 1160 1161 1162 1163 1164 1165 1166 1167 1168 1169 1170 1171 1172 1173 1174 1175 1176 1177 1178 1179 1180 1181 1182 1183 1184 1185 1186 1187 1188 1189 1190 1191 1192 1193 1194 1195 1196 1197 1198 1199 1200 1201 1202 1203 1204 1205 1206 1207 1208 1209 1210 1211 1212 1213 1214 1215 1216 1217 1218 1219 1220 1221 1222 1223 1224 1225 1226 1227 1228 1229 1230 1231 1232 1233 1234 1235 1236 1237 1238 1239 1240 1241 1242 1243 1244 1245 1246 1247 1248 1249 1250 1251 1252 1253 1254 1255 1256 1257 1258 1259 1260 1261 1262 1263 1264 1265 1266 1267 1268 1269 1270 1271 1272 1273 1274 1275 1276 1277 1278 1279 1280 1281 1282 1283 1284 1285 1286 1287 1288 1289 1290 1291 1292 1293 1294 1295 1296 1297 1298 1299 1300 1301 1302 1303 1304 1305 1306 1307 1308 1309 1310 1311 1312 1313 1314 1315 1316 1317 1318 1319 1320 1321 1322 1323 1324 1325 1326 1327 1328 1329 1330 1331 1332 1333 1334 1335 1336 1337 1338 1339 1340 1341 1342 1343 1344 1345 1346 1347 1348 1349 1350 1351 1352 1353 1354 1355 1356 1357 1358 1359 1360 1361 1362 1363 1364 1365 1366 1367 1368 1369 1370 1371 1372 1373 1374 1375 1376 1377 1378 1379 1380 1381 1382 1383 1384 1385 1386 1387 1388 1389 1390 1391 1392 1393 1394 1395 1396 1397 1398 1399 1400 1401 1402 1403 1404 1405 1406 1407 1408 1409 1410 1411 1412 1413 1414 1415 1416 1417 1418 1419 1420 1421 1422 1423 1424 1425 1426 1427 1428 1429 1430 1431 1432 1433 1434 1435 1436 1437 1438 1439 1440 1441 1442 1443 1444 1445 1446 1447 1448 1449 1450 1451 1452 1453 1454 1455 1456 1457 1458 1459 1460 1461 1462 1463 1464 1465 1466 1467 1468 1469 1470 1471 1472 1473 1474 1475 1476 1477 1478 1479 1480 1481 1482 1483 1484 1485 1486 1487 1488 1489 1490 1491 1492 1493 1494 1495 1496 1497 1498 1499 1500 1501 1502 1503 1504 1505 1506 1507 1508 1509 1510 1511 1512 1513 1514 1515 1516 1517 1518 1519 1520 1521 1522 1523 1524 1525 1526 1527 1528 1529 1530 1531 1532 1533 1534 1535 1536 1537 1538 1539 1540 1541 1542 1543 1544 1545 1546 1547 1548 1549 1550 1551 1552 1553 1554 1555 1556 1557 1558 1559 1560 1561 1562 1563 1564 1565 1566 1567 1568 1569 1570 1571 1572 1573 1574 1575 1576 1577 1578 1579 1580 1581 1582 1583 1584 1585 1586 1587 1588 1589 1590 1591 1592 1593 1594 1595 1596 1597 1598 1599 1600 1601 1602 1603 1604 1605 1606 1607 1608 1609 1610 1611 1612 1613 1614 1615 1616 1617 1618 1619 1620 1621 1622 1623 1624 1625 1626 1627 1628 1629 1630 1631 1632 1633 1634 1635 1636 1637 1638 1639 1640 1641 1642 1643 1644 1645 1646 1647 1648 1649 1650 1651 1652 1653 1654 1655 1656 1657 1658 1659 1660 1661 1662 1663 1664 1665 1666 1667 1668 1669 1670 1671 1672 1673 1674 1675 1676 1677 1678 1679 1680 1681 1682 1683 1684 1685 1686 1687 1688 1689 1690 1691 1692 1693 1694 1695 1696 1697 1698 1699 1700 1701 1702 1703 1704 1705 1706 1707 1708 1709 1710 1711 1712 1713 1714 1715 1716 1717 1718 1719 1720 1721 1722 1723 1724 1725 1726 1727 1728 1729 1730 1731 1732 1733 1734 1735 1736 1737 1738 1739 1740 1741 1742 1743 1744 1745 1746 1747 1748 1749 1750 1751 1752 1753 1754 1755 1756 1757 1758 1759 1760 1761 1762 1763 1764 1765 1766 1767 1768 1769 1770 1771 1772 1773 1774 1775 1776 1777 1778 1779 1780 1781 1782 1783 1784 1785 1786 1787 1788 1789 1790 1791 1792 1793 1794 1795 1796 1797 1798 1799 1800 1801 1802 1803 1804 1805 1806 1807 1808 1809 1810 1811 1812 1813 1814 1815 1816 1817 1818 1819 1820 1821 1822 1823 1824 1825 1826 1827 1828 1829 1830 1831 1832 1833 1834 1835 1836 1837 1838 1839 1840 1841 1842 1843 1844 1845 1846 1847 1848 1849 1850 1851 1852 1853 1854 1855 1856 1857 1858 1859 1860 1861 1862 1863 1864 1865 1866 1867 1868 1869 1870 1871 1872 1873 1874 1875 1876 1877 1878 1879 1880 1881 1882 1883 1884 1885 1886 1887 1888 1889 1890 1891 1892 1893 1894 1895 1896 1897 1898 1899 1900 1901 1902 1903 1904 1905 1906 1907 1908 1909 1910 1911 1912 1913 1914 1915 1916 1917 1918 1919 1920 1921 1922 1923 1924 1925 1926 1927 1928 1929 1930 1931 1932 1933 1934 1935 1936 1937 1938 1939 1940 1941 1942 1943 1944 1945 1946 1947 1948 1949 1950 1951 1952 1953 1954 1955 1956 1957 1958 1959 1960 1961 1962 1963 1964 1965 1966 1967 1968 1969 1970 1971 1972 1973 1974 1975 1976 1977 1978 1979 1980 1981 1982 1983 1984 1985 1986 1987 1988 1989 1990 1991 1992 1993 1994 1995 1996 1997 1998 1999 2000 2001 2002 2003 2004 2005 2006 2007 2008 2009 2010 2011 2012 2013 2014 2015 2016 2017 2018 2019 2020 2021 2022 2023 2024 2025 2026 2027 2028 2029 2030 2031 2032 2033 2034 2035 2036 2037 2038 2039 2040 2041 2042 2043 2044 2045 2046 2047 2048 2049 2050 2051 2052 2053 2054 2055 2056 2057 2058 2059 2060 2061 2062 2063 2064 2065 2066 2067 2068 2069 2070 2071 2072 2073 2074 2075 2076 2077 2078 2079 2080 2081 2082 2083 2084 2085 2086 2087 2088 2089 2090 2091 2092 2093 2094 2095 2096 2097 2098 2099 2100 2101 2102 2103 2104 2105 2106 2107 2108 2109 2110 2111 2112 2113 2114 2115 2116 2117 2118 2119 2120 2121 2122 2123 2124 2125 2126 2127 2128 2129 2130 2131 2132 2133 2134 2135 2136 2137 2138 2139 2140 2141 2142 2143 2144 2145 2146 2147 2148 2149 2150 2151 2152 2153 2154 2155 2156 2157 2158 2159 2160 2161 2162 2163 2164 2165 2166 2167 2168 2169 2170 2171 2172 2173 2174 2175 2176 2177 2178 2179 2180 2181 2182 2183 2184 2185 2186 2187 2188 2189 2190 2191 2192 2193 2194 2195 2196 2197 2198 2199 2200 2201 2202 2203 2204 2205 2206 2207 2208 2209 2210 2211 2212 2213 2214 2215 2216 2217 2218 2219 2220 2221 2222 2223 2224 2225 2226 2227 2228 2229 2230 2231 2232 2233 2234 2235 2236 2237 2238 2239 2240 2241 2242 2243 2244 2245 2246 2247 2248 2249 2250 2251 2252 2253 2254 2255 2256 2257 2258 2259 2260 2261 2262 2263 2264 2265 2266 2267 2268 2269 2270 2271 2272 2273 2274 2275 2276 2277 2278 2279 2280 2281 2282 2283 2284 2285 2286 2287 2288 2289 2290 2291 2292 2293 2294 2295 2296 2297 2298 2299 2300 2301 2302 2303 2304 2305 2306 2307 2308 2309 2310 2311 2312 2313 2314 2315 2316 2317 2318 2319 2320 2321 2322 2323 2324 2325 2326 2327 2328 2329 2330 2331 2332 2333 2334 2335 2336 2337 2338 2339 2340 2341 2342 2343 2344 2345 2346 2347 2348 2349 2350 2351 2352 2353 2354 2355 2356 2357 2358 2359 2360 2361 2362 2363 2364 2365 2366 2367 2368 2369 2370 2371 2372 2373 2374 2375 2376 2377 2378 2379 2380 2381 2382 2383 2384 2385 2386 2387 2388 2389 2390 2391 2392 2393 2394 2395 2396 2397 2398 2399 2400 2401 2402 2403 2404 2405 2406 2407 2408 2409 2410 2411 2412 2413 2414 2415 2416 2417 2418 2419 2420 2421 2422 2423 2424 2425 2426 2427 2428 2429 2430 2431 2432 2433 2434 2435 2436 2437 2438 2439 2440 2441 2442 2443 2444 2445 2446 2447 2448 2449 2450 2451 2452 2453 2454 2455 2456 2457 2458 2459 2460 2461 2462 2463 2464 2465 2466 2467 2468 2469 2470 2471 2472 2473 2474 2475 2476 2477 2478 2479 2480 2481 2482 2483 2484 2485 2486 2487 2488 2489 2490 2491 2492 2493 2494 2495 2496 2497 2498 2499 2500 2501 2502 2503 2504 2505 2506 2507 2508 2509 2510 2511 2512 2513 2514 2515 2516 2517 2518 2519 2520 2521 2522 2523 2524 2525 2526 2527 2528 2529 2530 2531 2532 2533 2534 2535 2536 2537 2538 2539 2540 2541 2542 2543 2544 2545 2546 2547 2548 2549 2550 2551 2552 2553 2554 2555 2556 2557 2558 2559 2560 2561 2562 2563 2564 2565 2566 2567 2568 2569 2570 2571 2572 2573 2574 2575 2576 2577 2578 2579 2580 2581 2582 2583 2584 2585 2586 2587 2588 2589 2590 2591 2592 2593 2594 2595 2596 2597 2598 2599 2600 2601 2602 2603 2604 2605 2606 2607 2608 2609 2610 2611 2612 2613 2614 2615 2616 2617 2618 2619 2620 2621 2622 2623 2624 2625 2626 2627 2628 2629 2630 2631 2632 2633 2634 2635 2636 2637 2638 2639 2640 2641 2642 2643 2644 2645 2646 2647 2648 2649 2650 2651 2652 2653 2654 2655 2656 2657 2658 2659 2660 2661 2662 2663 2664 2665 2666 2667 2668 2669 2670 2671 2672 2673 2674 2675 2676 2677 2678 2679 2680 2681 2682 2683 2684 2685 2686 2687 2688 2689 2690 2691 2692 2693 2694 2695 2696 2697 2698 2699 2700 2701 2702 2703 2704 2705 2706 2707 2708 2709 2710 2711 2712 2713 2714 2715 2716 2717 2718 2719 2720 2721 2722 2723 2724 2725 2726 2727 2728 2729 2730 2731 2732 2733 2734 2735 2736 2737 2738 2739 2740 2741 2742 2743 2744 2745 2746 2747 2748 2749 2750 2751 2752 2753 2754 2755 2756 2757 2758 2759 2760 2761 2762 2763 2764 2765 2766 2767 2768 2769 2770 2771 2772 2773 2774 2775 2776 2777 2778 2779 2780 2781 2782 2783 2784 2785 2786 2787 2788 2789 2790 2791 2792 2793 2794 2795 2796 2797 2798 2799 2800 2801 2802 2803 2804 2805 2806 2807 2808 2809 2810 2811 2812 2813 2814 2815 2816 2817 2818 2819 2820 2821 2822 2823 2824 2825 2826 2827 2828 2829 2830 2831 2832 2833 2834 2835 2836 2837 2838 2839 2840 2841 2842 2843 2844 2845 2846 2847 2848 2849 2850 2851 2852 2853 2854 2855 2856 2857 2858 2859 2860 2861 2862 2863 2864 2865 2866 2867 2868 2869 2870 2871 2872 2873 2874 2875 2876 2877 2878 2879 2880 2881 2882 2883 2884 2885 2886 2887 2888 2889 2890 2891 2892 2893 2894 2895 2896 2897 2898 2899 2900 2901 2902 2903 2904 2905 2906 2907 2908 2909 2910 2911 2912 2913 2914 2915 2916 2917 2918 2919 2920 2921 2922 2923 2924 2925 2926 2927 2928 2929 2930 2931 2932 2933 2934 2935 2936 2937 2938 2939 2940 2941 2942 2943 2944 2945 2946 2947 2948 2949 2950 2951 2952 2953 2954 2955 2956 2957 2958 2959 2960 2961 2962 2963 2964 2965 2966 2967 2968 2969 2970 2971 2972 2973 2974 2975 2976 2977 2978 2979 2980 2981 2982 2983 2984 2985 2986 2987 2988 2989 2990 2991 2992 2993 2994 2995 2996 2997 2998 2999 3000
13 9 6 1 17 22 2 15 11 4 12 11 6 21 14 22 12 12 2 8 19 20 20 13 17 1 21 13 13 13 0 19 21 0 24 19 2 10 5 10 5 7 10 20 23 19 21 6 18 21 5 11 11 24 19 18 1 14 10 8 7 7 2 2 17 7 10 17 22 20 21 13 10 10 14 3 18 1 23 2 7 5 2 23 8 5 10 19 1 3 22 21 5 4 11 9 8 0 11 0 8 1 3 17 19 15 3 23 13 23 11 1 13 19 9 0 13 21 16 11 22 8 7 13 21 24 2 11 22 20 9 3 2 2 1 14 15 22 21 6 10 5 6 4 11 21 23 19 20 15 14 8 1 12 18 4 1 20 14 2 22 6 1 14 14 10 19 7 4 12 12 1 1 3 0 10 12 11 4 4 15 24 8 12 4 17 5 8 18 7 16 23 23 0 22 3 8 18 14 9 1 9 9 11 18 24 6 18 10 21 14 19 7 24 23 21 4 0 17 18 8 8 15 7 3 16 7 22 21 17 5 15 15 21 7 18 4 22 21 5 14 24 18 12 6 24 9 21 10 22 0 17 24 18 6 17 4 1 0 23 21 21 8 7 17 24 1 13 13 14 13 0 3 14 9 7 17 16 22 4 17 3 20 1 14 2 17 5 1 2 15 6 19 2 11 1 14 6 1 13 12 24 15 23 14 7 11 12 14 2 10 18 24 11 8 4 15 10 17 11 10 3 24 19 24 2 17 18 21 8 8 20 21 19 23 10 4 1 13 6 14 13 9 6 20 6 6 14 8 13 10 18 14 14 17 10 16 2 19 0 14 20 23 18 8 10 5 23 21 15 8 3 22 23 9 0 10 21 22 15 13 1 6 22 8 21 13 6 11 21 7 17 22 24 21 23 11 20 4 23 16 4 3 4 12 3 1 1 20 17 3 12 12 13 23 0 3 10 11 7 11 6 6 14 19 0 14 21 18 12 17 3 21 17 16 20 2 5 24 24 7 9 10 24 20 20 4 15 17 19 14 23 8 11 5 19 14 17 5 0 4 22 21 16 8 10 11 23 4 1 0 17 12 21 21 14 4 16 23 1 22 6 19 24 4 23 21 19 18 19 15 7 12 7 23 15 13 17 0 11 8 21 23 1 8 11 1 16 20 5 24 18 10 3 20 22 0 2 3 21 6 18 15 16 2 9 1 4 19 22 21 10 17 13 1 7 24 18 8 22 1 7 2 10 21 8 6 10 24 2 6 16 22 9 7 2 17 16 11 5 3 4 9 4 22 14 22 1 4 11 7 6 6 12 16 24 7 15 3 0 13 3 10 4 8 18 15 11 3 9 23 15 3 14 8 10 9 10 19 13 22 14 1 17 11 19 23 15 16 0 0 21 8 24 23 4 8 21 8 23 18 14 9 16 19 19 10 11 8 12 21 23 6 10 0 13 14 8 21 2 20 19 10 6 16 21 18 21 23 20 17 18 3 20 1 17 2 3 3 7 24 9 19 18 12 18 0 4 7 17 1 1 21 8 2 3 20 4 6 12 9 2 12 20 14 9 13 10 7 14 22 14 17 15 11 1 18 9 18 17 1 5 15 1 3 14 1 16 20 11 6 21 18 9 21 24 7 22 10 3 16 11 12 23 16 1 15 2 15 8 1 2 20 11 24 21 2 5 7 1 19 6 9 21 15 16 14 23 18 23 17 8 8 18 3 5 2 22 22 13 15 2 12 0 22 4 20 3 8 11 23 14 14 11 2 13 4 24 9 12 12 24 11 7 11 9 16 16 7 9 9 19 19 24 20 18 5 1 4 4 21 13 6 15 3 23 23 21 7 19 2 0 4 19 19 8 23 0 5 21 8 11 16 15 4 15 20 12 10 7 22 16 13 12 6 1 23 1 13 6 4 23 10 5 2 19 21 6 18 18 14 13 2 19 6 12 11 13 23 19 11 1 11 6 9 5 13 16 21 24 6 3 14 2 1 9 4 14 2 21 14 22 3 3 0 21 21 7 2 17 24 20 18 22 5 4 1 22 12 10 6 3 20 0 22 4 12 18 16 0 0 7 16 19 14 14 4 10 2 19 1 12 0 8 14 16 5 1 13 23 1 12 5 17 17 7 13 19 24 3 7 5 18 10 24 21 6 10 14 7 16 10 6 19 22 1 11 0 20 22 7 10 20 6 4 1 0 18 1 15 14 6 4 6 14 7 18 12 15 19 21 3 22 24 15 11 3 15 23 16 12 4 7 21 21 1 21 1 8 18 1 7 23 3 22 12 3 21 4 16 15 8 16 20 16 21 15 22 6 0 0 11 13 4 22 18 13 8 21 7 16 3 19 23 6 8 21 20 19 13 18 0 16 4 23 22 0 9 1 20 4 18 24 7 10 1 2 4 7 11 2 18 20 8 1 13 6 13 4 7 17 8 1 12 20 9 1 18 4 20 8 14 5 9 17 3 12 14 14 23 7 24 7 13 2 6 8 0 21 9 2 21 21 23 8 5 5 9 2 24 7 24 22 17 7 22 7 16 11 5 15 12 7 0 2 21 9 5 15 9 17 18 8 0 19 7 4 11 11 8 10 11 23 18 6 4 9 15 24 12 4 6 6 18 12 8 11 17 12 0 0 17 9 10 11 5 13 22 6 7 7 15 5 15 8 7 15 18 9 12 13 14 11 22 14 5 8 2 10 17 1 11 18 9 2 3 9 12 7 9 6 10 24 14 0 0 4 17 13 9 3 10 13 5 1 11 14 15 9 2 22 17 8 10 18 6 12 5 4 2 10 16 23 20 24 18 11 24 22 21 18 3 23 2 18 23 23 18 5 24 10 16 16 22 17 22 6 2 21 0 8 9 4 2 0 9 13 2 12 17 9 17 23 9 23 17 2 15 22 5 3 18 20 24 24 20 6 19 24 10 2 24 15 1 3 16 7 12 2 11 0 23 16 5 19 15 1 9 1 24 24 5 8 2 6 18 21 5 6 2 21 5 11 3 21 23 12 24 18 22 20 20 11 2 11 5 3 6 3 23 18 15 0 3 10 12 8 6 20 10 6 1 10 23 23 14 15 17 8 0 24 8 7 22 8 7 22 13 14 1 5 23 7 12 12 22 14 18 20 1 18 18 16 0 17 11 19 3 15 17 20 19 4 21 16 10 18 6 3 9 21 9 14 18 2 14 3 18 9 16 21 16 6 6 4 0 16 0 4 17 18 2 22 12 6 24 17 1 16 14 13 6 7 23 19 21 9 6 8 13 10 12 16 20 18 21 22 14 7 7 5 22 21 8 4 11 13 19 22 4 1 20 16 9 12 7 16 2 23 18 15 7 0 14 4 13 2 12 5 19 5 13 10 2 3 7 5 9 16 24 5 1 19 20 8 18 3 1 24 22 11 7 14 14 1 24 16 6 13 9 9 21 21 0 24 23 6 23 14 18 20 22 17 14 15 17 21 9 15 24 19 18 21 13 13 11 1 3 18 12 24 11 18 12 15 8 17 14 23 7 5 14 11 2 15 24 3 20 17 5 15 9 17 19 6 8 15 14 17 14 21 22 6 16 6 11 4 2 4 2 21 1 16 24 17 14 5 20 4 8 22 16 6 7 5 20 6 12 3 6 15 0 13 3 6 15 15 2 9 11 14 10 11 1 17 14 22 17 19 11 18 17 13 3 15 18 7 21 8 14 24 9 7 16 21 19 12 1 4 17 2 9 20 22 16 7 17 2 18 4 5 18 9 14 1 19 0 23 15 4 11 2 21 1 13 8 14 12 12 20 18 21 10 23 15 4 12 3 8 9 2 19 21 4 8 13 10 11 19 24 2 23 20 16 16 20 8 21 22 19 19 1 24 6 1 22 15 3 11 20 4 21 0 15 13 14 4 10 3 12 21 18 14 11 19 1 19 12 14 12 9 19 10 10 14 22 17 11 2 0 16 16 18 24 20 8 13 15 7 15 10 4 19 24 20 4 5 8 14 23 16 17 18 15 12 14 8 15 19 2 12 7 22 7 2 22 20 23 6 18 8 8 17 14 10 16 2 23 7 11 16 19 22 24 12 19 9 11 6 8 20 8 20 13 14 20 20 15 20 19 22 23 19 2 3 21 8 3 1 20 24 1 24 16 1 14 0 5 9 18 21 10 13 21 12 10 0 14 17 1 14 7 21 8 7 8 14 5 23 4 0 19 11 3 14 17 5 5 11 22 2 22 3 15 21 11 3 16 12 3 7 15 13 2 9 16 13 4 0 15 1 10 20 6 17 22 17 11 11 2 13 14 21 0 23 5 20 2 5 18 24 3 22 6 13 3 9 4 17 4 15 21 3 17 18 23 0 20 20 14 2 0 8 14 21 22 19 20 0 1 9 14 21 22 11 21 3 5 5 24 6 2 15 12 1 7 17 18 9 6 10 6 21 17 15 4 14 9 24 20 5 6 20 5 15 8 20 10 4 3 0 23 13 9 23 17 5 9 11 13 17 14 21 2 18 22 21 14 1 19 11 13 4 20 13 23 4 14 2 11 4 4 2 20 7 19 21 10 17 13 11 2 8 14 5 20 23 6 14 22 3 2 13 6 11 9 23 14 13 18 17 10 0 17 24 11 11 7 5 5 24 20 24 17 15 13 20 7 18 23 18 23 20 20 4 0 8 12 22 22 8 5 7 1 16 14 12 22 19 15 16 8 18 17 5 23 13 8 10 2 20 14 16 17 4 11 7 2 1 18 6 3 23 12 12 5 14 16 20 13 0 8 12 8 7 6 15 21 23 7 1 11 21 14 16 16 12 17 18 12 21 2 10 9 23 3 16 4 10 17 10 7 22 15 5 15 9 2 12 8 6 8 11 8 9 4 7 6 6 2 12 9 21 16 14 7 5 4 16 23 19 14 22 8 11 7 3 14 0 2 14 5 18 23 13 23 8 23 8 16 5 12 7 2 7 23 4 5 8 9 12 7 7 12 24 19 9 14 8 12 21 14 18 17 16 15 14 20 5 13 7 8 21 9 19 21 21 18 23 3 1 10 16 24 21 14 0 8 13 12 13 12 22 7 13 18 18 24 18 5 24 3 4 4 14 1 16 2 16 21 1 5 9 17 7 12 1 12 15 11 15 10 24 24 23 12 21 15 12 7 0 12 9 9 8 16 19 4 24 6 22 5 8 1 24 10 5 10 1 17 19 21 0 24 9 20 9 22 19 24 18 16 7 17 21 16 24 14 0 9 6 1 23 1 13 23 6 12 19 9 20 5 1 8 17 12 4 9 8 4 5 7 12 12 7 22 1 16 8 12 10 24 20 5 19 13 16 15 4 1 17 14 23 18 7 1 24 1 11 22 7 19 21 10 20 9 4 2 1 15 14 16 24 10 21 19 17 21 16 23 1 7 1 18 13 8 24 18 23 18 8 6 20 11 23 2 8 2 12 1 11 18 12 22 21 8 21 19 8 16 12 19 23 19 8 23 20 13 18 5 5 23 22 4 14 5 2 1 19 17 18 10 10 4 7 1 13 3 18 12 13 3 0 8 24 12 19 23 13 17 8 19 18 2 20 8 7 19 8 23 2 20 21 23 16 15 12 17 23 10 6 14 24 14 10 24 6 16 8 24 0 8 14 19 16 20 19 6 14 7 0 5 22 21 22 18 12 2 14 12 14 9 18 2 9 15 24 9 18 24 9 18 24 10 3 8 5 9 17 1 8 1 23 6 3 4 23 15 10 4 22 18 11 0 19 6 13 10 24 14 8 12 3 18 6 13 12 9 15 17 12 12 17 16 10 3 0 22 3 23 11 9 4 18 4 14 9 18 2 5 16 14 19 9 22 6 3 24 23 15 5 13 0 23 17 5 16 24 24 0 5 21 12 4 0 22 19 19 15 7 10 17 9 1 23 17 0 16 7 19 23 22 14 7 5 19 6 15 7 5 14 18 3 1 7 1 16 2 13 1 0 18 21 16 6 21 2 16 12 18 12 6 17 21 3 3 12 6 18 1 12 10 20 7 0 12 2 7 19 21 18 21 10 7 12 1 0 20 15 6 14 23 2 10 7 13 21 14 18 16 18 20 4 20 21 22 9 24 7 10 11 4 17 10 2 6 0 17 12 18 23 21 18 4 2 21 20 22 18 18 3 6 12 4 1 19 5 22 6 4 15 17 15 5 24 15 12 21 12 18 0 18 12 13 4 5 1 5 14 0 17 23 18 9 8 9 24 20 21 6 6 12 16 8 24 15 6 4 7 8 11 7 21 23 3 22 17 3 6 5 24 6 7 6 7 19 0 22 21 1 24 10 6 15 22 2 12 3 20 7 21 13 12 6 11 6 6 13 16 16 18 18 1 19 14 15 6 13 6 23 3 16 16 10 17 0 9 15 16 2 17 14 0 11 22 6 21 8 9 18 3 21 21 20 22 4 5 0 2 13 10 23 11 9 23 2 22 17 12 4 21 19 18 21 18 21 18 8 1 6 18 0 2 13 2 8 12 5 0 17 3 5 3 23 5 10 20 20 8 16 12 17 21 4 1 17 14 19 17 10 1 4 21 17 16 19 24 19 6 6 21 8 16 21 15 19 14 20 14 17 21 7 7 24 8 21 9 4 12 20 16 21 16 0 5 3 7 21 11 24 17 10 16 22 16 17 0 19 5 8 14 2 6 21 6 0 15 5 13 13 10 24 13 5 11 9 19 9 11 21 19 0 17 7 14 1 7 9 5 22 13 3 10 10 12 22 6 24 5 12 18 14 10 2 1 23 24 16 7 10 2 7 1 21 15 21 8 20 24 23
12 19 20 22 50 51 53 60 66 73 74 88 99 100 108 110 125 136 146 147 151 155 162 190 201 205 206 208 244 254 269 272 275 286 301 312 334 342 343 353 362 379 381 390 415 417 436 438 439 440 442 456 458 460 465 478 482 483 498 501 503 505 508 513 515 518 534 535 541 542 546 549 551 552 566 568 578 580 582 587 595 598 606 614 615 622 623 654 656 663 672 673 676 677 678 686 687 688 691 692 693 694 695 698 713 719 726 727 728 735 741 746 750 751 756 759 764 768 772 778 787 790 796 803 813 824 826 829 845 853 856 860 863 872 874 879 890 893 898 899 911 914 923 941 947 949 951 952 953 959 969 975 977 982 984 989 991 999 1000 1002 1006 1008 1013 1015 1021 1028 1032 1040 1043 1054 1055 1060 1066 1069 1074 1084 1090 1096 1098 1104 1122 1141 1150 1157 1158 1159 1160 1165 1172 1173 1177 1187 1189 1198 1200 1212 1216 1232 1235 1243 1251 1252 1260 1268 1270 1278 1283 1286 1287 1293 1298 1301 1307 1311 1314 1316 1333 1334 1336 1350 1356 1396 1399 1402 1404 1405 1406 1416 1421 1423 1430 1436 1446 1451 1453 1467 1471 1472 1487 1488 1494 1496 1509 1523 1527 1528 1536 1538 1550 1551 1558 1561 1571 1572 1573 1586 1593 1599 1600 1605 1611 1612 1618 1621 1622 1639 1654 1661 1662 1666 1668 1683 1685 1688 1713 1714 1717 1737 1742 1747 1748 1764 1770 1771 1774 1775 1789 1793 1796 1801 1808 1813 1818 1819 1820 1821 1822 1823 1829 1830 1837 1843 1853 1856 1865 1868 1872 1879 1885 1888 1889 1894 1926 1930 1933 1943 1948 1954 1965 1971 1975 1978 2005 2007 2012 2017 2023 2032 2037 2041 2063 2069 2070 2084 2095 2103 2113 2124 2128 2133 2140 2141 2149 2150 2153 2157 2158 2166 2168 2173 2175 2180 2186 2197 2198 2206 2207 2218 2226 2239 2246 2254 2259 2261 2262 2264 2273 2276 2292 2301 2305 2308 2315 2319 2325 2326 2333 2337 2339 2341 2368 2377 2388 2392 2397 2401 2427 2429 2430 2434 2449 2453 2459 2467 2468 2469 2470 2506 2532 2537 2551 2553 2555 2556 2563 2573 2580 2583 2589 2590 2591 2610 2626 2632 2636 2663 2664 2671 2673 2683 2693 2694 2695 2700 2702 2718 2725 2727 2735 2738 2743 2748 2758 2764 2771 2772 2777 2787 2803 2808 2809 2814 2817 2823 2840 2862 2865 2872 2876 2894 2899 2904 2907 2912 2922 2932 2933 2934 2938 2941 2952 2957 2967 2976 2984 2985 2989 2990 3006 3021 3022 3027 3036 3039 3040 3041 3046 3058 3060 3065 3079 3085 3090 3092 3094 3095 3098 3106 3107 3108 3118 3119 3126 3136 3147 3148 3149 3153 3157 3167 3169 3177 3185 3188 3191 3195 3210 3219 3225 3233 3248 3252 3267 3268 3274 3276 3283 3286 3287 3293 3308 3313 3327 3340 3341 3346 3349 3350 3361 3371 3381 3382 3383 3407 3409 3414 3415 3418 3419 3437 3451 3470 3471 3472 3476 3480 3491 3495 3497 3498 3506 3526 3528 3537 3539 3540 3544 3545 3554 3556 3581 3606 3611 3620 3621 3629 3636 3647 3661 3671 3675 3676 3683 3690 3702 3711 3714 3722 3724 3728 3739 3744 3745 3748 3749 3754 3756 3765 3766 3780 3782 3786 3802 3808 3809 3822 3824 3827 3841 3845 3846 3861 3862 3863 3864 3865 3867 3871 3876 3879 3889 3891 3896 3904 3910 3911 3935 3946 3949 3950 3951 3964 3965 3977 3988 3995 4005 4007 4012 4013 4019 4024 4027 4032 4037 4042 4058 4076 4079 4099 4100 4108 4125 4135 4148 4150 4174 4180 4181 4193 4197 4204 4206 4212 4213 4222 4228 4246 4253 4260 4263 4268 4275 4283 4293 4294 4304 4312 4314 4317 4318 4320 4321 4329 4330 4333 4336 4342 4363 4377 4398 4400 4410 4416 4424 4438 4443 4447 4456 4481 4490 4498 4499 4501 4519 4525 4530 4544 4545 4565 4566 4569 4573 4574 4578 4586 4592 4593 4594 4619 4624 4625 4628 4629 4632 4646 4680 4685 4691 4704 4729 4751 4756 4764 4766 4773 4774 4778 4781 4783 4788 4789 4796 4798 4813 4815 4817 4824 4832 4836 4853 4865 4879 4881 4892 4924 4925 4948 4969 4971 4972 4973 4974 4975 4976 4977 4982 4984 4988 4991 4996 5000 5001 5003 5023 5032 5035 5036 5046 5052 5060 5063 5068 5082 5083 5084 5092 5101 5103 5104 5112 5118 5125 5133 5135 5139 5141 5144 5150 5175 5181 5192 5195 5196 5201 5205 5208 5211 5216 5223 5229 5255 5261 5264 5265 5277 5280 5297 5303 5308 5326 5328 5333 5340 5346 5347 5350 5352 5357 5367 5368 5371 5394 5396 5397 5401 5402 5403 5409 5410 5417 5423 5430 5438 5462 5467 5468 5481 5497 5498 5505 5548 5557 5566 5588 5596 5608 5612 5623 5630 5634 5641 5647 5650 5661 5662 5667 5668 5672 5677 5678 5681 5693 5698 5708 5709 5715 5716 5723 5724 5729 5730 5734 5737 5755 5767 5769 5775 5776 5778 5782 5783 5795 5804 5810 5817 5822 5830 5835 5840 5851 5853 5860 5876 5885 5888 5893 5898 5911 5915 5918 5922 5926 5929 5964 5965 5967 5974 5980 5986 6000 6001 6016 6022 6051 6052 6057 6058 6061 6083 6085 6099 6104 6110 6112 6114 6122 6126 6144 6156 6164 6174 6182 6196 6197 6206 6209 6222 6236 6246 6248 6249 6256 6257 6272 6276 6285 6286 6291 6298 6299 6302 6307 6308 6311 6312 6338 6339 6343 6386 6393 6402 6406 6409 6413 6418 6434 6436 6437 6444 6449 6450 6451 6452 6459 6464 6468 6469 6471 6472 6496 6497 6498 6506 6511 6516 6517 6518 6520 6536 6542 6550 6551 6552 6554 6562 6573 6583 6587 6588 6600 6603 6605 6606 6616 6620 6621 6636 6639 6642 6648 6659 6669 6671 6672 6673 6674 6677 6681 6685 6686 6709 6718 6721 6726 6727 6731 6739 6742 6749 6754 6766 6769 6779 6781 6789 6793 6826 6831 6838 6839 6855 6856 6857 6861 6864 6892 6899 6906 6910 6913 6933 6934 6939 6952 6960 6964 6966 6969 6970 6980 7000 7001 7036 7048 7057 7058 7065 7073 7074 7075 7092 7093 7095 7097 7101 7108 7109 7132 7136 7139 7147 7148 7161 7171 7182 7184 7187 7191 7192 7196 7205 7208 7210 7214 7215 7224 7227 7228 7229 7232 7244 7257 7266 7267 7270 7274 7279 7280 7284 7313 7324 7329 7340 7342 7344 7348 7364 7385 7394 7401 7414 7416 7435 7438 7440 7447 7449 7450 7455 7478 7482 7483 7484 7485 7486 7493 7508 7520 7523 7525 7526 7530 7537 7541 7544 7549 7570 7573 7580 7582 7583 7589 7601 7603 7605 7616 7624 7633 7642 7646 7653 7659 7663 7664 7671 7675 7685 7688 7696 7697 7700 7701 7704 7705 7706 7707 7729 7736 7742 7764 7766 7767 7771 7779 7796 7797 7802 7822 7833 7834 7842 7850 7851 7855 7862 7870 7871 7873 7876 7877 7886 7888 7889 7890 7891 7898 7910 7912 7920 7926 7939 7943 7954 7965 7968 7969 7975 7982 7986 7993 7995 8002 8003 8004 8007 8010 8012 8021 8023 8026 8037 8041 8064 8066 8074 8075 8086 8097 8114 8130 8131 8136 8144 8147 8152 8154 8157 8160 8169 8170 8171 8172 8183 8186 8189 8196 8200 8206 8209 8231 8232 8243 8286 8287 8291 8309 8310 8314 8315 8331 8332 8333 8341 8342 8346 8367 8368 8369 8405 8412 8414 8421 8424 8425 8429 8432 8433 8437 8448 8449 8467 8471 8474 8475 8487 8490 8491 8493 8494 8528 8530 8539 8543 8551 8571 8575 8591 8592 8593 8599 8601 8605 8611 8617 8619 8627 8636 8646 8647 8650 8653 8689 8690 8714 8721 8722 8725 8733 8740 8750 8778 8792 8794 8802 8803 8806 8807 8809 8814 8816 8817 8823 8826 8827 8828 8831 8833 8836 8837 8847 8849 8854 8862 8874 8884 8887 8894 8905 8919 8928 8937 8956 8961 8962 8965 8967 8971 9001 9002 9006 9008 9022 9024 9032 9056 9059 9068 9073 9077 9090 9097 9108 9112 9118 9125 9148 9149 9155 9162 9164 9177 9186 9189 9195 9204 9211 9218 9221 9222 9231 9232 9240 9242 9246 9249 9255 9258 9262 9263 9267 9270 9280 9284 9286 9296 9297 9299 9303 9311 9323 9329 9331 9343 9345 9346 9347 9352 9355 9358 9361 9362 9364 9372 9375 9413 9418 9423 9431 9432 9441 9442 9443 9463 9469 9483 9487 9499 9501 9509 9518 9526 9535 9536 9541 9546 9556 9565 9567 9571 9577 9591 9592 9623 9624 9628 9629 9630 9631 9634 9648 9659 9660 9665 9683 9702 9708 9712 9715 9724 9735 9736 9738 9769 9774 9777 9778 9785 9787 9788 9793 9803 9805 9806 9812 9822 9830 9835 9836 9855 9860 9863 9864 9879 9899 9910 9912 9916 9924 9926 9930 9932 9935 9950 9973 9980 9985 9988 9998 10003 10007 10010 10021 10026 10030 10036 10039 10052 10060 10062 10063 10068 10073 10084 10087 10092 10094 10098 10112 10117 10122 10137 10144 10145 10155 10163 10174 10175 10183 10193 10198 10199 10203 10225 10226 10233 10237 10252 10253 10264 10292 10297 10299 10302 10303 10304 10305 10307 10314 10326 10343 10345 10350 10356 10359 10373 10378 10383 10386 10391 10395 10402 10416 10421 10424 10429 10438 10443 10462 10466 10476 10478 10480 10481 10484 10486 10488 10496 10497 10499 10501 10541 10550 10556 10562 10574 10580 10582 10589 10590 10594 10595 10598 10599 10601 10604 10608 10609 10615 10617 10668 10673 10679 10686 10694 10696 10699 10714 10717 10718 10724 10727 10729 10730 10737 10755 10756 10760 10762 10768 10772 10782 10783 10784 10785 10789 10799 10801 10805 10808 10809 10831 10835 10853 10863 10867 10870 10871 10875 10878 10880 10884 10898 10902 10904 10908 10911 10912 10913 10925 10934 10936 10939 10952 10954 10958 10964 10982 10985 11004 11009 11023 11025 11026 11027 11028 11036 11042 11044 11056 11058 11062 11068 11081 11082 11090 11093 11100 11104 11109 11121 11122 11124 11131 11135 11137 11140 11141 11170 11181 11185 11193 11208 11212 11214 11219 11220 11225 11227 11230 11233 11242 11244 11259 11263 11281 11284 11285 11286 11308 11316 11317 11320 11328 11333 11337 11347 11352 11362 11374 11381 11388 11417 11425 11428 11448 11452 11453 11454 11455 11456 11465 11467 11487 11488 11495 11512 11520 11523 11530 11532 11540 11542 11546 11555 11560 11561 11562 11578 11590 11604 11605 11606 11611 11612 11619 11621 11623 11624 11625 11643 11652 11661 11671 11675 11676 11678 11694 11695 11702 11715 11717 11729 11731 11750 11751 11752 11759 11760 11764 11765 11772 11782 11793 11794 11798 11800 11813 11816 11829 11835 11850 11856 11858 11859 11865 11877 11878 11885 11888 11894 11902 11904 11909 11917 11926 11927 11928 11934 11947 11957 11964 11968 11972 11978 11987 11996 11997 12010 12014 12024 12027 12033 12040 12041 12045 12050 12051 12052 12054 12066 12086 12090 12102 12105 12106 12113 12124 12143 12157 12160 12163 12167 12183 12194 12196 12201 12209 12229 12231 12235 12244 12258 12261 12263 12266 12285 12287 12289 12314 12323 12329 12332 12333 12335 12337 12344 12349 12353 12375 12378 12383 12387 12390 12392 12400 12402 12407 12415 12423 12424 12436 12439 12447 12460 12461 12463 12468 12469 12479 12505 12513 12519 12523 12524 12528 12543 12544 12547 12549 12550 12551 12552 12554 12562 12563 12564 12572 12574 12580 12584 12595 12601 12602 12603 12604 12624 12631 12634 12641 12644 12652 12654 12655 12663 12667 12669 12681 12697 12701 12708 12718 12738 12745 12747 12749 12754 12756 12768 12777 12790 12793 12796 12797 12806 12807 12824 12825 12831 12851 12852 12860 12861 12882 12892 12901 12905 12907 12927 12931 12961 12975 12978 12980 12996 12997 12998 12999 13011 13013 13014 13023 13024 13032 13036 13047 13049 13053 13068 13072 13073 13077 13081 13082 13083 13089 13094 13095 13098 13099 13101 13118 13119 13125 13133 13142 13144 13149 13158 13162 13171 13173 13174 13175 13182 13183 13185 13191 13200 13205 13207 13210 13215 13223 13228 13252 13257 13264 13282 13287 13289 13291 13292 13302 13307 13314 13318 13326 13327 13332 13333 13338 13347 13358 13361 13363 13374 13376 13377 13395 13407 13409 13410 13440 13443 13449 13454 13459 13460 13462 13467 13482 13489 13498 13524 13536 13540 13551 13555 13559 13561 13562 13563 13567 13571 13573 13575 13576 13582 13590 13597 13603 13609 13613 13614 13615 13616 13623 13628 13640 13646 13650 13674 13676 13689 13690 13691 13697 13702 13704 13705 13706 13708 13714 13722 13748 13754 13763 13765 13770 13817 13821 13831 13832 13854 13858 13859 13868 13879 13880 13886 13893 13896 13900 13903 13914 13915 13924 13928 13935 13936 13940 13956 13958 13965 13968 13974 13976 13984 13994 13999 14000 14002 14003 14006 14025 14036 14040 14041 14051 14052 14053 14054 14057 14062 14068 14079 14082 14091 14103 14145 14149 14164 14169 14171 14174 14181 14199 14201 14202 14204 14206 14219 14229 14230 14235 14236 14237 14239 14242 14245 14251 14252 14253 14272 14276 14278 14287 14288 14290 14308 14312 14332 14333 14337 14343 14363 14365 14372 14384 14388 14389 14393 14395 14402 14403 14405 14408 14428 14435 14436 14442 14443 14454 14460 14464 14472 14476 14477 14481 14491 14494 14498 14519 14533 14541 14543 14549 14554 14556 14560 14574 14577 14581 14583 14587 14589 14593 14602 14605 14608 14609 14612 14624 14627 14633 14649 14650 14657 14663 14664 14671 14674 14675 14688 14689 14718 14720 14724 14731 14741 14745 14758 14770 14771 14772 14778 14779 14783 14808 14810 14812 14832 14851 14856 14859 14867 14882 14884 14896 14899 14900 14938 14963 14965 14983 14998 14999 15000 15004 15015 15029 15030 15042 15049 15055 15057 15060 15071 15082 15083 15087 15090 15122 15123 15131 15151 15187 15191 15197 15203 15207 15212 15242 15243 15246 15248 15249 15252 15264 15270 15274 15279 15289 15294 15302 15323 15336 15337 15344 15346 15350 15358 15369 15371 15377 15400 15411 15412 15419 15440 15443 15452 15453 15462 15468 15477 15479 15483 15487 15500 15502 15506 15508 15515 15517 15525 15526 15531 15539 15541 15544 15554 15581 15602 15606 15611 15614 15620 15622 15628 15648 15651 15652 15656 15663 15664 15667 15671 15677 15679 15680 15693 15697 15701 15704 15708 15718 15721 15724 15733 15734 15739 15741 15746 15747 15756 15757 15758 15759 15764 15784 15792 15794 15802 15808 15814 15823 15834 15836 15848 15850 15851 15854 15855 15860 15875 15889 15891 15896 15898 15899 15911 15929 15930 15934 15941 15944 15946 15954 15958 15965 15983 15990 15991 15993 16001 16004 16008 16015 16018 16031 16032 16033 16046 16052 16079 16091 16093 16096 16098 16100 16101 16106 16109 16110 16120 16125 16126 16128 16145 16152 16154 16166 16174 16184 16185 16196 16197 16200 16201 16204 16208 16219 16226 16230 16231 16232 16237 16238 16239 16248 16256 16271 16283 16285 16292 16300 16301 16305 16307 16320 16321 16326 16350 16363 16364 16375 16390 16391 16393 16394 16412 16414 16417 16418 16419 16420 16436 16440 16445 16460 16464 16488 16497 16509 16516 16517 16527 16535 16541 16543 16566 16567 16569 16570 16573 16581 16598 16599 16610 16625 16626 16646 16650 16653 16657 16678 16682 16685 16695 16707 16712 16713 16715 16717 16724 16731 16766 16770 16774 16775 16781 16785 16792 16802 16805 16806 16818 16829 16841 16846 16850 16851 16855 16863 16867 16869 16870 16877 16878 16880 16881 16883 16885 16886 16897 16902 16905 16907 16908 16909 16910 16917 16921 16922 16925 16927 16934 16935 16936 16944 16945 16951 16956 16959 16961 16962 16973 16976 16977 16978 16985 16991 17000 17014 17020 17022 17028 17029 17030 17049 17051 17052 17055 17056 17060 17071 17079 17085 17089 17090 17097 17100 17105 17107 17114 17120 17129 17132 17133 17139 17147 17150 17158 17160 17173 17178 17179 17180 17201 17207 17219 17239 17240 17241 17251 17261 17266 17278 17299 17307 17308 17316 17317 17323 17325 17330 17331 17336 17340 17344 17345 17353 17357 17358 17363 17367 17369 17370 17375 17396 17400 17402 17405 17409 17411 17413 17423 17427 17429 17446 17447 17461 17466 17471 17479 17481 17483 17492 17499 17500 17502 17515 17520 17521 17531 17533 17534 17537 17544 17551 17563 17567 17578 17586 17601 17611 17618 17623 17628 17632 17646 17651 17653 17658 17671 17673 17680 17681 17683 17687 17691 17694 17745 17752 17766 17767 17777 17789 17795 17800 17802 17804 17815 17819 17833 17845 17852 17863 17864 17879 17880 17883 17892 17899 17930 17965 17967 17970 17974 17976 17986 17989 18002 18003 18006 18013 18029 18046 18047 18064 18070 18071 18074 18076 18079 18087 18100 18102 18105 18110 18122 18133 18134 18142 18145 18149 18151 18158 18166 18170 18175 18177 18183 18186 18194 18195 18196 18201 18217 18220 18223 18226 18227 18243 18250 18272 18273 18288 18295 18296 18299 18301 18305 18314 18315 18316 18324 18331 18335 18336 18341 18344 18345 18349 18351 18352 18353 18355 18357 18358 18361 18364 18366 18370 18371 18372 18373 18374 18384 18392 18393 18400 18401 18408 18432 18439 18440 18441 18447 18453 18457 18471 18478 18480 18483 18491 18508 18511 18520 18532 18534 18535 18536 18542 18550 18561 18562 18564 18585 18595 18598 18610 18613 18617 18628 18635 18639 18644 18652 18667 18686 18693 18699 18703 18709 18710 18713 18722 18725 18728 18730 18732 18737 18739 18740 18741 18745 18748 18768 18770 18779 18785 18789 18790 18791 18792 18796 18802 18807 18810 18820 18826 18827 18829 18843 18853 18854 18875 18881 18893 18895 18905 18912 18914 18915 18923 18924 18936 18937 18939 18941 18952 18955 18958 18960 18994 19006 19008 19018 19019 19021 19034 19059 19061 19063 19079 19086 19094 19101 19111 19115 19121 19123 19138 19144 19160 19162 19175 19177 19179 19180 19184 19201 19207 19214 19226 19227 19228 19239 19241 19259 19260 19263 19266 19274 19277 19282 19283 19288 19296 19308 19310 19322 19326 19327 19329 19334 19336 19338 19339 19373 19376 19379 19383 19385 19392 19404 19406
160 208 196 196 229 247 221 239 238 278 257 260 275 290 262 306 308 319 314 314 363 346 353 338 380 379 396 356 392 402 431 484 465 448 452 524 502 511 525 522 544 622 550 581 564 629 626 614 641 630 624 628 630 611 677 680 656 637 667 668 746 748 676 681 694 761 703 714 737 733 736 697 720 721 720 741 780 754 731 755 838 780 774 763 782 804 792 866 830 836 868 863 858 882 850 875 854 850 863 854 860 868 868 877 925 898 899 876 876 884 913 920 898 963 945 921 912 958 938 950 983 957 1039 951 1003 975 994 1001 1041 1044 1045 1033 1031 1040 1048 1033 1069 1089 1088 1075 1080 1096 1099 1146 1119 1139 1100 1164 1144 1138 1123 1142 1151 1165 1186 1194 1165 1190 1154 1170 1202 1184 1187 1169 1175 1197 1244 1283 1248 1237 1238 1234 1240 1242 1236 1253 1273 1268 1303 1309 1301 1292 1317 1340 1363 1338 1342 1332 1374 1416 1343 1336 1338 1360 1396 1385 1383 1434 1389 1432 1425 1441 1449 1440 1472 1429 1459 1488 1456 1483 1452 1513 1550 1462 1463 1506 1538 1496 1515 1552 1523 1563 1578 1645 1577 1571 1649 1612 1611 1602 1612 1615 1625 1641 1696 1669 1676 1668 1677 1670 1648 1647 1711 1706 1703 1679 1725 1728 1719 1747 1720 1740 1722 1774 1749 1765 1798 1773 1762 1754 1801 1802 1785 1864 1801 1790 1828 1809 1810 1820 1816 1845 1858 1842 1902 1957 1896 1903 1938 1952 1927 1937 1961 1945 1928 1943 1968 1975 1970 1969 1987 1989 2030 1987 1992 1995 1976 1999 2003 1978 2020 1994 2032 2005 2019 2111 2044 2062 2039 2056 2058 2096 2077 2102 2100 2148 2127 2123 2144 2143 2144 2151 2156 2219 2163 2185 2202 2234 2227 2208 2230 2260 2260 2296 2244 2272 2318 2298 2276 2309 2294 2289 2338 2326 2344 2333 2334 2320 2335 2321 2344 2382 2340 2351 2377 2375 2373 2386 2438 2401 2400 2445 2408 2463 2429 2433 2455 2425 2482 2480 2472 2481 2511 2468 2514 2488 2502 2527 2535 2520 2516 2551 2564 2588 2564 2591 2575 2605 2602 2624 2692 2632 2655 2618 2658 2618 2642 2697 2737 2686 2717 2758 2728 2761 2746 2746 2754 2757 2780 2769 2764 2793 2809 2780 2785 2825 2837 2840 2845 2926 2865 2870 2871 2854 2914 2880 2879 2917 2937 2921 2922 2921 2948 2943 2937 2963 2945 2969 2954 2959 3052 3003 2986 2974 3031 3053 3070 3051 3055 3106 3053 3053 3074 3084 3104 3144 3087 3113 3120 3103 3157 3153 3157 3142 3151 3154 3161 3139 3211 3195 3184 3206 3219 3229 3230 3195 3251 3224 3209 3239 3275 3261 3302 3243 3299 3244 3288 3318 3309 3320 3297 3362 3309 3379 3296 3327 3297 3332 3319 3339 3336 3367 3334 3362 3358 3367 3384 3385 3416 3415 3399 3454 3436 3441 3465 3472 3445 3454 3460 3483 3484 3515 3506 3506 3509 3535 3523 3555 3573 3567 3571 3551 3562 3555 3583 3657 3566 3620 3586 3633 3625 3713 3639 3641 3666 3647 3667 3664 3648 3666 3682 3692 3724 3726 3782 3708 3723 3711 3726 3738 3754 3811 3800 3825 3817 3783 3832 3821 3866 3843 3918 3852 3859 3873 3868 3862 3957 3901 3897 3890 3887 3917 3914 3953 3916 3956 3935 3937 3939 3969 3931 3965 3975 3962 3976 3991 4013 3996 4053 3993 4042 4015 4036 4042 4036 4077 4016 4050 4042 4041 4051 4081 4063 4055 4059 4116 4102 4136 4116 4099 4153 4118 4154 4143 4200 4207 4174 4179 4179 4196 4209 4173 4203 4201 4199 4190 4212 4243 4269 4267 4291 4320 4294 4311 4314 4340 4376 4370 4330 4384 4376 4406 4379 4403 4387 4401 4396 4419 4426 4503 4414 4457 4487 4485 4476 4496 4466 4517 4557 4496 4492 4494 4511 4496 4498 4506 4527 4547 4539 4560 4587 4568 4593 4607 4578 4627 4591 4616 4699 4635 4686 4652 4678 4680 4691 4699 4732 4733 4747 4744 4740 4751 4752 4748 4751 4740 4766 4759 4785 4791 4800 4815 4830 4818 4822 4797 4923 4881 4860 4877 4895 4923 4939 4913 4932 4947 4953 4946 4960 4950 4962 4957 4987 4970 4964 5005 4985 5006 5075 5010 5065 5041 5068 5071 5071 5090 5079 5097 5171 5120 5151 5140 5141 5177 5149 5159 5150 5180 5184 5139 5175 5168 5184 5165 5219 5237 5226 5209 5213 5224 5209 5217 5222 5254 5251 5232 5297 5252 5292 5287 5295 5269 5297 5376 5307 5328 5307 5310 5393 5364 5370 5404 5407 5347 5392 5407 5390 5385 5421 5428 5419 5403 5437 5443 5438 5426 5429 5487 5546 5520 5494 5490 5538 5552 5558 5514 5499 5514 5539 5557 5535 5543 5560 5575 5602 5580 5593 5586 5578 5653 5613 5589 5578 5621 5638 5641 5617 5655 5645 5674 5710 5697 5726 5748 5756 5808 5798 5788 5825 5832 5788 5789 5815 5862 5837 5845 5839 5816 5821 5889 5850 5855 5865 5874 5897 5891 5863 5882 5913 5875 5905 5903 5888 5905 5929 5956 5974 5929 5944 5968 5936 5979 5968 5977 5972 6007 6012 6073 6003 6019 6002 6044 6062 6072 6067 6093 6067 6094 6094 6084 6094 6095 6117 6091 6160 6170 6150 6176 6146 6148 6162 6244 6182 6234 6205 6206 6262 6227 6229 6295 6259 6282 6266 6277 6266 6280 6304 6300 6292 6305 6338 6357 6364 6375 6376 6449 6357 6434 6387 6419 6491 6431 6458 6426 6423 6466 6461 6455 6445 6541 6465 6471 6483 6520 6507 6486 6510 6501 6534 6582 6636 6571 6597 6585 6618 6592 6596 6638 6611 6623 6603 6626 6656 6628 6613 6707 6670 6652 6650 6684 6686 6670 6694 6657 6690 6688 6690 6697 6669 6702 6725 6755 6794 6742 6744 6736 6763 6757 6754 6790 6774 6846 6754 6779 6812 6803 6794 6826 6844 6808 6827 6826 6835 6862 6838 6863 6853 6873 6857 6847 6848 6881 6866 6926 6922 6929 6879 6906 6932 6992 6920 6939 6981 6928 6957 6956 6983 7017 7043 6986 7041 7017 7022 7062 7010 7060 7054 7088 7080 7101 7118 7135 7085 7182 7121 7134 7132 7171 7212 7142 7148 7202 7192 7203 7222 7205 7234 7213 7278 7317 7254 7259 7267 7278 7288 7290 7282 7311 7337 7327 7306 7301 7330 7350 7350 7355 7367 7341 7345 7341 7439 7356 7451 7358 7382 7391 7391 7389 7418 7418 7400 7434 7447 7415 7434 7452 7456 7468 7448 7435 7556 7475 7525 7519 7585 7540 7591 7530 7557 7576 7580 7597 7659 7597 7606 7630 7636 7631 7629 7644 7657 7684 7650 7646 7697 7729 7698 7680 7692 7690 7694 7698 7679 7739 7717 7749 7738 7749 7724 7763 7787 7759 7765 7803 7786 7772 7788 7803 7816 7804 7808 7832 7848 7832 7836 7853 7823 7881 7864 7939 7940 7879 7883 7883 7872 7949 7886 7931 7925 7925 7912 7920 7939 7967 7933 7978 7964 7970 7991 8012 8008 8014 8052 8040 8023 8035 8059 8054 8116 8065 8053 8055 8039 8043 8052 8053 8103 8089 8060 8109 8099 8108 8091 8136 8139 8140 8123 8154 8171 8154 8189 8174 8169 8172 8206 8183 8193 8194 8226 8191 8195 8203 8190 8255 8217 8276 8247 8237 8293 8304 8332 8304 8285 8312 8349 8301 8303 8359 8342 8320 8339 8337 8338 8379 8365 8385 8372 8368 8396 8371 8398 8421 8448 8454 8449 8480 8457 8478 8497 8494 8520 8511 8482 8530 8491 8525 8535 8547 8565 8587 8585 8616 8612 8575 8576 8620 8608 8645 8588 8617 8617 8618 8650 8648 8648 8653 8733 8674 8661 8666 8690 8679 8705 8725 8763 8750 8749 8780 8766 8744 8750 8783 8772 8779 8793 8821 8817 8818 8822 8815 8840 8835 8861 8863 8904 8870 8905 8876 8935 8936 8941 8969 8964 8962 8974 8985 8979 8983 8982 8963 9018 8996 8985 8999 8996 9011 8998 9009 9027 9006 9023 9023 9023 9011 9023 9038 9066 9073 9072 9081 9079 9104 9199 9157 9129 9208 9163 9119 9155 9176 9188 9157 9265 9207 9215 9252 9213 9270 9264 9251 9292 9299 9274 9274 9297 9297 9360 9322 9334 9341 9355 9389 9391 9379 9361 9373 9413 9394 9394 9411 9421 9421 9394 9444 9414 9403 9428 9460 9451 9429 9457 9436 9456 9460 9491 9458 9463 9461 9508 9490 9525 9497 9527 9526 9521 9497 9526 9526 9521 9512 9509 9538 9607 9521 9587 9603 9607 9599 9598 9580 9610 9625 9609 9654 9671 9673 9683 9653 9744 9752 9700 9722 9725 9703 9746 9718 9704 9777 9763 9776 9751 9782 9758 9812 9807 9871 9795 9798 9780 9836 9827 9902 9822 9819 9888 9850 9876 9895 9897 9936 9917 9884 9907 9937 9947 10020 9960 9974 9953 9939 9975 9977 10017 9997 9979 10024 10003 10009 9987 10051 10032 10106 10018 10033 10073 10061 10078 10092 10072 10115 10119 10122 10125 10112 10124 10129 10161 10137 10152 10205 10198 10206 10200 10180 10209 10215 10229 10241 10239 10213 10275 10270 10263 10232 10235 10264 10268 10271 10314 10300 10273 10309 10346 10328 10334 10330 10353 10329 10332 10436 10380 10353 10375 10393 10405 10384 10410 10443 10432 10446 10471 10486 10478 10514 10479 10471 10484 10461 10493 10480 10533 10541 10526 10522 10535 10545 10583 10551 10591 10559 10585 10576 10582 10572 10603 10583 10620 10634 10667 10633 10672 10644 10656 10724 10666 10677 10664 10679 10670 10675 10680 10703 10698 10729 10738 10753 10759 10750 10778 10762 10748 10764 10770 10773 10780 10758 10804 10788 10827 10789 10870 10852 10827 10859 10873 10898 10942 10904 10884 10872 10875 10916 10972 10896 10927 10967 10939 10934 10967 10947 10940 10971 10974 10980 10951 11032 10978 10969 11007 11013 10991 11033 11024 11007 11037 11079 11032 11020 11054 11083 11052 11052 11088 11076 11052 11075 11065 11095 11096 11116 11136 11126 11108 11101 11133 11163 11147 11155 11152 11193 11177 11235 11215 11231 11194 11176 11205 11214 11256 11207 11226 11211 11259 11247 11248 11281 11260 11290 11300 11321 11333 11296 11275 11307 11309 11333 11319 11314 11342 11372 11390 11383 11370 11391 11362 11373 11425 11394 11400 11413 11423 11444 11398 11431 11475 11455 11496 11468 11440 11491 11505 11529 11489 11497 11487 11533 11526 11524 11530 11536 11547 11554 11619 11576 11619 11615 11600 11632 11697 11634 11625 11670 11679 11638 11679 11700 11694 11687 11677 11679 11698 11719 11744 11725 11738 11714 11728 11741 11790 11758 11787 11848 11802 11854 11780 11815 11812 11772 11800 11827 11810 11819 11840 11825 11844 11842 11846 11843 11938 11874 11881 11929 11925 11882 11933 11963 11941 11931 11936 11931 11956 11939 11973 11941 11948 11989 11991 11992 12007 12041 12031 11999 12068 12026 12032 12055 12044 12051 12059 12079 12045 12076 12055 12075 12091 12080 12089 12110 12123 12149 12147 12133 12116 12162 12161 12156 12158 12151 12189 12188 12178 12270 12223 12207 12284 12212 12204 12233 12201 12259 12228 12298 12262 12275 12259 12285 12295 12306 12315 12353 12328 12359 12340 12362 12384 12368 12374 12375 12412 12404 12478 12423 12406 12429 12452 12432 12433 12492 12451 12493 12497 12498 12523 12509 12514 12533 12523 12521 12525 12543 12526 12537 12577 12552 12541 12582 12593 12575 12597 12625 12575 12609 12635 12623 12608 12634 12652 12673 12648 12684 12684 12703 12692 12702 12726 12677 12705 12735 12738 12703 12718 12713 12719 12708 12752 12759 12776 12763 12736 12754 12773 12749 12791 12798 12775 12794 12797 12813 12816 12792 12820 12820 12833 12838 12837 12910 12848 12883 12886 12877 12877 12894 12928 12924 12926 12954 12908 12945 12919 12968 12972 12969 12987 12979 12985 12974 13015 12994 13036 13024 13014 13009 13009 13071 13041 13080 13087 13096 13099 13079 13140 13129 13168 13148 13198 13193 13188 13153 13185 13225 13186 13171 13229 13223 13184 13196 13254 13207 13236 13244 13278 13282 13249 13273 13326 13301 13284 13264 13277 13247 13273 13286 13286 13279 13315 13333 13293 13325 13312 13358 13344 13341 13322 13351 13354 13372 13334 13345 13348 13407 13386 13379 13377 13402 13379 13424 13429 13507 13464 13469 13440 13482 13443 13481 13486 13462 13509 13569 13529 13481 13535 13487 13538 13549 13566 13525 13541 13559 13573 13591 13574 13591 13653 13614 13609 13603 13637 13655 13672 13641 13633 13649 13691 13677 13706 13685 13688 13718 13724 13727 13752 13716 13729 13746 13776 13745 13818 13744 13756 13792 13773 13776 13758 13796 13797 13797 13770 13789 13819 13788 13808 13817 13857 13843 13932 13866 13870 13887 13851 13947 13879 13878 13898 13868 13888 13914 13937 13942 13967 13953 14007 13989 14000 14021 14003 14031 14025 14073 14048 14059 14055 14136 14092 14079 14085 14093 14104 14092 14111 14102 14112 14107 14128 14125 14154 14173 14217 14152 14160 14162 14182 14189 14192 14169 14160 14268 14218 14245 14207 14200 14264 14207 14250 14224 14234 14311 14252 14236 14253 14271 14299 14331 14366 14318 14319 14323 14348 14348 14368 14368 14386 14389 14462 14397 14473 14384 14441 14419 14406 14431 14428 14494 14495 14436 14423 14488 14467 14441 14455 14473 14498 14466 14534 14512 14503 14522 14517 14556 14554 14532 14631 14556 14583 14584 14614 14593 14595 14610 14577 14608 14610 14611 14609 14605 14650 14618 14634 14643 14625 14664 14639 14677 14694 14762 14681 14743 14745 14700 14756 14738 14711 14747 14782 14786 14737 14761 14755 14761 14768 14795 14782 14791 14801 14803 14870 14816 14823 14833 14836 14835 14843 14840 14825 14826 14837 14872 14908 14899 14907 14974 14903 14928 14947 14959 14938 14938 14990 14984 14934 14984 15006 14994 14999 15025 15007 15028 15049 15051 15058 15075 15111 15090 15100 15114 15154 15174 15187 15195 15212 15155 15217 15195 15273 15221 15239 15221 15208 15214 15233 15271 15259 15261 15239 15296 15271 15280 15327 15370 15403 15386 15394 15389 15386 15409 15422 15429 15453 15438 15419 15469 15452 15517 15462 15472 15537 15498 15497 15502 15504 15527 15515 15501 15549 15551 15583 15525 15566 15590 15617 15593 15619 15597 15601 15655 15705 15642 15628 15653 15655 15683 15743 15714 15696 15677 15706 15706 15730 15694 15705 15718 15695 15710 15705 15750 15792 15818 15790 15804 15786 15771 15802 15891 15825 15854 15804 15830 15815 15869 15820 15879 15846 15856 15884 15869 15850 15872 15875 15886 15904 15898 15905 15936 15922 15937 15936 15914 15946 15969 15925 15925 15947 15996 15941 16006 15969 15957 16005 15971 16036 16018 16030 15999 16047 16059 16009 16042 16043 16063 16103 16075 16100 16068 16080 16134 16173 16108 16089 16117 16148 16137 16106 16138 16145 16157 16142 16176 16213 16153 16156 16194 16185 16243 16234 16201 16237 16219 16322 16303 16260 16245 16266 16291 16291 16255 16275 16289 16303 16304 16275 16297 16321 16306 16305 16320 16343 16335 16361 16362 16364 16351 16363 16371 16362 16431 16392 16421 16443 16408 16391 16481 16401 16430 16452 16461 16479 16487 16475 16468 16455 16488 16461 16509 16523 16494 16539 16542 16515 16564 16592 16542 16582 16596 16563 16583 16590 16585 16601 16609 16615 16614 16612 16634 16613 16664 16670 16714 16665 16696 16696 16740 16737 16745 16738 16729 16781 16746 16721 16750 16749 16753 16777 16808 16799 16848 16826 16801 16840 16867 16861 16864 16878 16890 16891 16879 16884 16890 16886 16927 16939 16919 16946 16964 16986 16987 16997 16956 16994 17008 16986 17011 17007 17000 17062 17040 17051 17039 17040 17020 17019 17056 17060 17028 17043 17032 17064 17068 17063 17053 17056 17069 17090 17099 17093 17122 17083 17118 17137 17139 17113 17178 17105 17123 17134 17125 17105 17138 17123 17128 17216 17188 17126 17174 17139 17234 17182 17226 17196 17201 17271 17211 17184 17251 17224 17226 17298 17230 17226 17239 17227 17259 17251 17292 17287 17266 17281 17297 17282 17286 17312 17334 17316 17315 17326 17340 17331 17333 17356 17354 17381 17354 17384 17376 17410 17482 17402 17424 17419 17504 17478 17468 17501 17497 17477 17559 17500 17497 17487 17521 17510 17512 17494 17493 17513 17522 17600 17506 17553 17521 17571 17536 17577 17587 17605 17593 17595 17605 17600 17564 17666 17596 17601 17651 17626 17630 17634 17647 17641 17660 17666 17694 17648 17690 17704 17720 17688 17711 17722 17729 17736 17739 17717 17727 17746 17772 17752 17798 17783 17807 17794 17828 17807 17811 17825 17833 17804 17837 17854 17863 17863 17883 17845 17889 17874 17842 17950 17934 17940 17949 17931 17951 17974 17949 18004 17993 17982 18008 17984 18036 18042 18039 18040 18062 18046 18050 18043 18078 18106 18170 18210 18137 18146 18219 18176 18138 18175 18199 18185 18186 18205 18228 18198 18240 18313 18247 18317 18288 18241 18283 18290 18276 18256 18279 18298 18312 18330 18310 18328 18322 18342 18401 18356 18318 18358 18353 18355 18362 18370 18343 18362 18367 18419 18422 18397 18438 18381 18422 18426 18420 18449 18437 18468 18462 18465 18470 18484 18476 18504 18495 18490 18499 18514 18490 18503 18516 18541 18525 18541 18519 18542 18557 18530 18548 18551 18555 18562 18575 18553 18534 18541 18522 18553 18541 18565 18589 18550 18576 18628 18618 18623 18646 18637 18665 18659 18661 18680 18670 18685 18658 18682 18687 18722 18694 18702 18683 18704 18709 18733 18743 18724 18743 18758 18777 18771 18759 18795 18786 18819 18826 18806 18810 18835 18846 18876 18898 18873 18882 18863 18922 18892 18891 18899 18933 18920 18911 18903 18951 18891 18953 18921 18924 18958 18937 18945 18975 18968 19002 18945 18983 18950 18981 18997 19053 19063 18977 18994 19019 19032 19058 19037 19066 19047 19083 19061 19067 19094 19087 19158 19113 19096 19087 19116 19108 19107 19148 19121 19137 19122 19206 19188 19175 19172 19187 19197 19224 19235 19223 19242 19261 19234 19242 19270 19262 19263 19303 19295 19327 19356 19349 19334 19365 19389 19341 19359 19427 19355 19381 19457 19415 19409 19424 19387 19414 19428 19429 19446 19462 19450 19428 19464 19466 19490 19450 19477 19478 19496 19475 19478 19495 19577 19505 19506 19582 19547 19566 19558 19573 19552 19583 19555 19555
