25 3 10
3 2 5
49 25 20 40 50 26 21 34 34 19
43 41 39 46 15 38 45 40 37 27
29 39 39 30 15 41 11 42 50 43
40 22 34 14 33 31 35 40 42 14
48 32 19 31 11 33 23 10 11 32
26 15 24 10 42 23 26 18 25 26
35 20 38 50 25 18 38 26 13 19
11 19 20 43 15 38 42 28 13 14
15 12 14 12 41 46 12 44 11 23
22 31 28 47 48 24 32 14 37 18
26 44 25 21 34 39 25 20 24 38
30 29 16 10 45 48 17 15 33 26
22 37 37 40 35 43 20 43 24 45
46 16 20 50 49 47 40 47 28 14
29 25 27 30 49 47 33 27 34 29
29 30 35 30 26 43 47 43 13 21
43 22 27 46 29 39 18 18 20 27
23 42 36 35 49 49 15 48 37 14
39 22 42 39 27 41 37 19 35 23
12 31 33 13 33 47 24 31 36 40
47 48 24 48 49 43 24 44 25 27
37 32 15 37 24 11 13 11 30 17
50 32 44 41 48 11 36 38 43 36
10 31 24 25 10 39 23 32 43 31
12 47 34 44 17 34 37 40 27 22
1 2 3 4 5 6 7 8 9 10 11 12 13 14 15 16 17 18 19 20 21 22 23 24 25 26 27 28 29 30 31 32 33 34 35 36 37 38 39 40 41 42 43 44 45 46 47 48 49 50 51 52 53 54 55 56 57 58 59 60 61 62 63 64 65 66 67 68 69 70 71 72 73 74 75 76 77 78 79 80 81 82 83 84 85 86 87 88 89 90 91 92 93 94 95 96 97 98 99 100 101 102 103 104 105 106 107 108 109 110 111 112 113 114 115 116 117 118 119 120 121 122 123 124 125 126 127 128 129 130 131 132 133 134 135 136 137 138 139 140 141 142 143 144 145 146 147 148 149 150 151 152 153 154 155 156 157 158 159 160 161 162 163 164 165 166 167 168 169 170 171 172 173 174 175 176 177 178 179 180 181 182 183 184 185 186 187 188 189 190 191 192 193 194 195 196 197 198 199 200 201 202 203 204 205 206 207 208 209 210 211 212 213 214 215 216 217 218 219 220 221 222 223 224 225 226 227 228 229 230 231 232 233 234 235 236 237 238 239 240 241 242 243 244 245 246 247 248 249 250 251 252 253 254 255 256 257 258 259 260 261 262 263 264 265 266 267 268 269 270 271 272 273 274 275 276 277 278 279 280 281 282 283 284 285 286 287 288 289 290 291 292 293 294 295 296 297 298 299 300 301 302 303 304 305 306 307 308 309 310 311 312 313 314 315 316 317 318 319 320 321 322 323 324 325 326 327 328 329 330 331 332 333 334 335 336 337 338 339 340 341 342 343 344 345 346 347 348 349 350 351 352 353 354 355 356 357 358 359 360 361 362 363 364 365 366 367 368 369 370 371 372 373 374 375 376 377 378 379 380 381 382 383 384 385 386 387 388 389 390 391 392 393 394 395 396 397 398 399 400 401 402 403 404 405 406 407 408 409 410 411 412 413 414 415 416 417 418 419 420 421 422 423 424 425 426 427 428 429 430 431 432 433 434 435 436 437 438 439 440 441 442 443 444 445 446 447 448 449 450 451 452 453 454 455 456 457 458 459 460 461 462 463 464 465 466 467 468 469 470 471 472 473 474 475 476 477 478 479 480 481 482 483 484 485 486 487 488 489 490 491 492 493 494 495 496 497 498 499 500 501 502 503 504 505 506 507 508 509 510 511 512 513 514 515 516 517 518 519 520 521 522 523 524 525 526 527 528 529 530 531 532 533 534 535 536 537 538 539 540 541 542 543 544 545 546 547 548 549 550 551 552 553 554 555 556 557 558 559 560 561 562 563 564 565 566 567 568 569 570 571 572 573 574 575 576 577 578 579 580 581 582 583 584 585 586 587 588 589 590 591 592 593 594 595 596 597 598 599 600 601 602 603 604 605 606 607 608 609 610 611 612 613 614 615 616 617 618 619 620 621 622 623 624 625 626 627 628 629 630 631 632 633 634 635 636 637 638 639 640 641 642 643 644 645 646 647 648 649 650 651 652 653 654 655 656 657 658 659 660 661 662 663 664 665 666 667 668 669 670 671 672 673 674 675 676 677 678 679 680 681 682 683 684 685 686 687 688 689 690 691 692 693 694 695 696 697 698 699 700 701 702 703 704 705 706 707 708 709 710 711 712 713 714 715 716 717 718 719 720 721 722 723 724 725 726 727 728 729 730 731 732 733 734 735 736 737 738 739 740 741 742 743 744 745 746 747 748 749 750 751 752 753 754 755 756 757 758 759 760 761 762 763 764 765 766 767 768 769 770 771 772 773 774 775 776 777 778 779 780 781 782 783 784 785 786 787 788 789 790 791 792 793 794 795 796 797 798 799 800 801 802 803 804 805 806 807 808 809 810 811 812 813 814 815 816 817 818 819 820 821 822 823 824 825 826 827 828 829 830 831 832 833 834 835 836 837 838 839 840 841 842 843 844 845 846 847 848 849 850 851 852 853 854 855 856 857 858 859 860 861 862 863 864 865 866 867 868 869 870 871 872 873 874 875 876 877 878 879 880 881 882 883 884 885 886 887 888 889 890 891 892 893 894 895 896 897 898 899 900 901 902 903 904 905 906 907 908 909 910 911 912 913 914 915 916 917 918 919 920 921 922 923 924 925 926 927 928 929 930 931 932 933 934 935 936 937 938 939 940 941 942 943 944 945 946 947 948 949 950 951 952 953 954 955 956 957 958 959 960 961 962 963 964 965 966 967 968 969 970 971 972 973 974 975 976 977 978 979 980 981 982 983 984 985 986 987 988 989 990 991 992 993 994 995 996 997 998 999 1000 1001 1002 1003 1004 1005 1006 1007 1008 1009 1010 1011 1012 1013 1014 1015 1016 1017 1018 1019 1020 1021 1022 1023 1024 1025 1026 1027 1028 1029 1030 1031 1032 1033 1034 1035 1036 1037 1038 1039 1040 1041 1042 1043 1044 1045 1046 1047 1048 1049 1050 1051 1052 1053 1054 1055 1056 1057 1058 1059 1060 1061 1062 1063 1064 1065 1066 1067 1068 1069 1070 1071 1072 1073 1074 1075 1076 1077 1078 1079 1080 1081 1082 1083 1084 1085 1086 1087 1088 1089 1090 1091 1092 1093 1094 1095 1096 1097 1098 1099 1100 1101 1102 1103 1104 1105 1106 1107 1108 1109 1110 1111 1112 1113 1114 1115 1116 1117 1118 1119 1120 1121 1122 1123 1124 1125 1126 1127 1128 1129 1130 1131 1132 1133 1134 1135 1136 1137 1138 1139 1140 1141 1142 1143 1144 1145 1146 1147 1148 1149 1150 1151 1152 1153 1154 1155 1156 1157 1158 1159 1160 1161 1162 1163 1164 1165 1166 1167 1168 1169 1170 1171 1172 1173 1174 1175 1176 1177 1178 1179 1180 1181 1182 1183 1184 1185 1186 1187 1188 1189 1190 1191 1192 1193 1194 1195 1196 1197 1198 1199 1200 1201 1202 1203 1204 1205 1206 1207 1208 1209 1210 1211 1212 1213 1214 1215 1216 1217 1218 1219 1220 1221 1222 1223 1224 1225 1226 1227 1228 1229 1230 1231 1232 1233 1234 1235 1236 1237 1238 1239 1240 1241 1242 1243 1244 1245 1246 1247 1248 1249 1250 1251 1252 1253 1254 1255 1256 1257 1258 1259 1260 1261 1262 1263 1264 1265 1266 1267 1268 1269 1270 1271 1272 1273 1274 1275 1276 1277 1278 1279 1280 1281 1282 1283 1284 1285 1286 1287 1288 1289 1290 1291 1292 1293 1294 1295 1296 1297 1298 1299 1300 1301 1302 1303 1304 1305 1306 1307 1308 1309 1310 1311 1312 1313 1314 1315 1316 1317 1318 1319 1320 1321 1322 1323 1324 1325 1326 1327 1328 1329 1330 1331 1332 1333 1334 1335 1336 1337 1338 1339 1340 1341 1342 1343 1344 1345 1346 1347 1348 1349 1350 1351 1352 1353 1354 1355 1356 1357 1358 1359 1360 1361 1362 1363 1364 1365 1366 1367 1368 1369 1370 1371 1372 1373 1374 1375 1376 1377 1378 1379 1380 1381 1382 1383 1384 1385 1386 1387 1388 1389 1390 1391 1392 1393 1394 1395 1396 1397 1398 1399 1400 1401 1402 1403 1404 1405 1406 1407 1408 1409 1410 1411 1412 1413 1414 1415 1416 1417 1418 1419 1420 1421 1422 1423 1424 1425 1426 1427 1428 1429 1430 1431 1432 1433 1434 1435 1436 1437 1438 1439 1440 1441 1442 1443 1444 1445 1446 1447 1448 1449 1450 1451 1452 1453 1454 1455 1456 1457 1458 1459 1460 1461 1462 1463 1464 1465 1466 1467 1468 1469 1470 1471 1472 1473 1474 1475 1476 1477 1478 1479 1480 1481 1482 1483 1484 1485 1486 1487 1488 1489 1490 1491 1492 1493 1494 1495 1496 1497 1498 1499 1500 1501 1502 1503 1504 1505 1506 1507 1508 1509 1510 1511 1512 1513 1514 1515 1516 1517 1518 1519 1520 1521 1522 1523 1524 1525 1526 1527 1528 1529 1530 1531 1532 1533 1534 1535 1536 1537 1538 1539 1540 1541 1542 1543 1544 1545 1546 1547 1548 1549 1550 1551 1552 1553 1554 1555 1556 1557 1558 1559 1560 1561 1562 1563 1564 1565 1566 1567 1568 1569 1570 1571 1572 1573 1574 1575 1576 1577 1578 1579 1580 1581 1582 1583 1584 1585 1586 1587 1588 1589 1590 1591 1592 1593 1594 1595 1596 1597 1598 1599 1600 1601 1602 1603 1604 1605 1606 1607 1608 1609 1610 1611 1612 1613 1614 1615 1616 1617 1618 1619 1620 1621 1622 1623 1624 1625 1626 1627 1628 1629 1630 1631 1632 1633 1634 1635 1636 1637 1638 1639 1640 1641 1642 1643 1644 1645 1646 1647 1648 1649 1650 1651 1652 1653 1654 1655 1656 1657 1658 1659 1660 1661 1662 1663 1664 1665 1666 1667 1668 1669 1670 1671 1672 1673 1674 1675 1676 1677 1678 1679 1680 1681 1682 1683 1684 1685 1686 1687 1688 1689 1690 1691 1692 1693 1694 1695 1696 1697 1698 1699 1700 1701 1702 1703 1704 1705 1706 1707 1708 1709 1710 1711 1712 1713 1714 1715 1716 1717 1718 1719 1720 1721 1722 1723 1724 1725 1726 1727 1728 1729 1730 1731 1732 1733 1734 1735 1736 1737 1738 1739 1740 1741 1742 1743 1744 1745 1746 1747 1748 1749 1750 1751 1752 1753 1754 1755 1756 1757 1758 1759 1760 1761 1762 1763 1764 1765 1766 1767 1768 1769 1770 1771 1772 1773 1774 1775 1776 1777 1778 1779 1780 1781 1782 1783 1784 1785 1786 1787 1788 1789 1790 1791 1792 1793 1794 1795 1796 1797 1798 1799 1800 1801 1802 1803 1804 1805 1806 1807 1808 1809 1810 1811 1812 1813 1814 1815 1816 1817 1818 1819 1820 1821 1822 1823 1824 1825 1826 1827 1828 1829 1830 1831 1832 1833 1834 1835 1836 1837 1838 1839 1840 1841 1842 1843 1844 1845 1846 1847 1848 1849 1850 1851 1852 1853 1854 1855 1856 1857 1858 1859 1860 1861 1862 1863 1864 1865 1866 1867 1868 1869 1870 1871 1872 1873 1874 1875 1876 1877 1878 1879 1880 1881 1882 1883 1884 1885 1886 1887 1888 1889 1890 1891 1892 1893 1894 1895 1896 1897 1898 1899 1900 1901 1902 1903 1904 1905 1906 1907 1908 1909 1910 1911 1912 1913 1914 1915 1916 1917 1918 1919 1920 1921 1922 1923 1924 1925 1926 1927 1928 1929 1930 1931 1932 1933 1934 1935 1936 1937 1938 1939 1940 1941 1942 1943 1944 1945 1946 1947 1948 1949 1950 1951 1952 1953 1954 1955 1956 1957 1958 1959 1960 1961 1962 1963 1964 1965 1966 1967 1968 1969 1970 1971 1972 1973 1974 1975 1976 1977 1978 1979 1980 1981 1982 1983 1984 1985 1986 1987 1988 1989 1990 1991 1992 1993 1994 1995 1996 1997 1998 1999 2000 2001 2002 2003 2004 2005 2006 2007 2008 2009 2010 2011 2012 2013 2014 2015 2016 2017 2018 2019 2020 2021 2022 2023 2024 2025 2026 2027 2028 2029 2030 2031 2032 2033 2034 2035 2036 2037 2038 2039 2040 2041 2042 2043 2044 2045 2046 2047 2048 2049 2050 2051 2052 2053 2054 2055 2056 2057 2058 2059 2060 2061 2062 2063 2064 2065 2066 2067 2068 2069 2070 2071 2072 2073 2074 2075 2076 2077 2078 2079 2080 2081 2082 2083 2084 2085 2086 2087 2088 2089 2090 2091 2092 2093 2094 2095 2096 2097 2098 2099 2100 2101 2102 2103 2104 2105 2106 2107 2108 2109 2110 2111 2112 2113 2114 2115 2116 2117 2118 2119 2120 2121 2122 2123 2124 2125 2126 2127 2128 2129 2130 2131 2132 2133 2134 2135 2136 2137 2138 2139 2140 2141 2142 2143 2144 2145 2146 2147 2148 2149 2150 2151 2152 2153 2154 2155 2156 2157 2158 2159 2160 2161 2162 2163 2164 2165 2166 2167 2168 2169 2170 2171 2172 2173 2174 2175 2176 2177 2178 2179 2180 2181 2182 2183 2184 2185 2186 2187 2188 2189 2190 2191 2192 2193 2194 2195 2196 2197 2198 2199 2200 2201 2202 2203 2204 2205 2206 2207 2208 2209 2210 2211 2212 2213 2214 2215 2216 2217 2218 2219 2220 2221 2222 2223 2224 2225 2226 2227 2228 2229 2230 2231 2232 2233 2234 2235 2236 2237 2238 2239 2240 2241 2242 2243 2244 2245 2246 2247 2248 2249 2250 2251 2252 2253 2254 2255 2256 2257 2258 2259 2260 2261 2262 2263 2264 2265 2266 2267 2268 2269 2270 2271 2272 2273 2274 2275 2276 2277 2278 2279 2280 2281 2282 2283 2284 2285 2286 2287 2288 2289 2290 2291 2292 2293 2294 2295 2296 2297 2298 2299 2300 2301 2302 2303 2304 2305 2306 2307 2308 2309 2310 2311 2312 2313 2314 2315 2316 2317 2318 2319 2320 2321 2322 2323 2324 2325 2326 2327 2328 2329 2330 2331 2332 2333 2334 2335 2336 2337 2338 2339 2340 2341 2342 2343 2344 2345 2346 2347 2348 2349 2350 2351 2352 2353 2354 2355 2356 2357 2358 2359 2360 2361 2362 2363 2364 2365 2366 2367 2368 2369 2370 2371 2372 2373 2374 2375 2376 2377 2378 2379 2380 2381 2382 2383 2384 2385 2386 2387 2388 2389 2390 2391 2392 2393 2394 2395 2396 2397 2398 2399 2400 2401 2402 2403 2404 2405 2406 2407 2408 2409 2410 2411 2412 2413 2414 2415 2416 2417 2418 2419 2420 2421 2422 2423 2424 2425 2426 2427 2428 2429 2430 2431 2432 2433 2434 2435 2436 2437 2438 2439 2440 2441 2442 2443 2444 2445 2446 2447 2448 2449 2450 2451 2452 2453 2454 2455 2456 2457 2458 2459 2460 2461 2462 2463 2464 2465 2466 2467 2468 2469 2470 2471 2472 2473 2474 2475 2476 2477 2478 2479 2480 2481 2482 2483 2484 2485 2486 2487 2488 2489 2490 2491 2492 2493 2494 2495 2496 2497 2498 2499 2500 2501 2502 2503 2504 2505 2506 2507 2508 2509 2510 2511 2512 2513 2514 2515 2516 2517 2518 2519 2520 2521 2522 2523 2524 2525 2526 2527 2528 2529 2530 2531 2532 2533 2534 2535 2536 2537 2538 2539 2540 2541 2542 2543 2544 2545 2546 2547 2548 2549 2550 2551 2552 2553 2554 2555 2556 2557 2558 2559 2560 2561 2562 2563 2564 2565 2566 2567 2568 2569 2570 2571 2572 2573 2574 2575 2576 2577 2578 2579 2580 2581 2582 2583 2584 2585 2586 2587 2588 2589 2590 2591 2592 2593 2594 2595 2596 2597 2598 2599 2600 2601 2602 2603 2604 2605 2606 2607 2608 2609 2610 2611 2612 2613 2614 2615 2616 2617 2618 2619 2620 2621 2622 2623 2624 2625 2626 2627 2628 2629 2630 2631 2632 2633 2634 2635 2636 2637 2638 2639 2640 2641 2642 2643 2644 2645 2646 2647 2648 2649 2650 2651 2652 2653 2654 2655 2656 2657 2658 2659 2660 2661 2662 2663 2664 2665 2666 2667 2668 2669 2670 2671 2672 2673 2674 2675 2676 2677 2678 2679 2680 2681 2682 2683 2684 2685 2686 2687 2688 2689 2690 2691 2692 2693 2694 2695 2696 2697 2698 2699 2700 2701 2702 2703 2704 2705 2706 2707 2708 2709 2710 2711 2712 2713 2714 2715 2716 2717 2718 2719 2720 2721 2722 2723 2724 2725 2726 2727 2728 2729 2730 2731 2732 2733 2734 2735 2736 2737 2738 2739 2740 2741 2742 2743 2744 2745 2746 2747 2748 2749 2750 2751 2752 2753 2754 2755 2756 2757 2758 2759 2760 2761 2762 2763 2764 2765 2766 2767 2768 2769 2770 2771 2772 2773 2774 2775 2776 2777 2778 2779 2780 2781 2782 2783 2784 2785 2786 2787 2788 2789 2790 2791 2792 2793 2794 2795 2796 2797 2798 2799 2800 2801 2802 2803 2804 2805 2806 2807 2808 2809 2810 2811 2812 2813 2814 2815 2816 2817 2818 2819 2820 2821 2822 2823 2824 2825 2826 2827 2828 2829 2830 2831 2832 2833 2834 2835 2836 2837 2838 2839 2840 2841 2842 2843 2844 2845 2846 2847 2848 2849 2850 2851 2852 2853 2854 2855 2856 2857 2858 2859 2860 2861 2862 2863 2864 2865 2866 2867 2868 2869 2870 2871 2872 2873 2874 2875 2876 2877 2878 2879 2880 2881 2882 2883 2884 2885 2886 2887 2888 2889 2890 2891 2892 2893 2894 2895 2896 2897 2898 2899 2900 2901 2902 2903 2904 2905 2906 2907 2908 2909 2910 2911 2912 2913 2914 2915 2916 2917 2918 2919 2920 2921 2922 2923 2924 2925 2926 2927 2928 2929 2930 2931 2932 2933 2934 2935 2936 2937 2938 2939 2940 2941 2942 2943 2944 2945 2946 2947 2948 2949 2950 2951 2952 2953 2954 2955 2956 2957 2958 2959 2960 2961 2962 2963 2964 2965 2966 2967 2968 2969 2970 2971 2972 2973 2974 2975 2976 2977 2978 2979 2980 2981 2982 2983 2984 2985 2986 2987 2988 2989 2990 2991 2992 2993 2994 2995 2996 2997 2998 2999 3000
17 21 22 16 11 24 20 0 7 8 11 7 3 12 23 21 1 16 19 16 13 17 1 3 11 11 11 7 19 23 8 8 4 10 10 0 1 5 21 12 15 14 15 12 18 23 7 9 16 12 12 10 21 8 13 3 17 12 4 11 6 9 12 21 0 8 13 17 18 0 7 19 18 8 0 9 11 1 11 13 11 14 23 7 18 14 13 5 24 12 4 18 21 19 23 14 1 9 11 13 2 1 19 10 8 22 23 19 15 18 10 15 16 13 12 14 24 2 21 3 3 17 3 17 0 0 23 18 15 1 2 5 4 23 22 7 8 0 11 8 22 21 18 11 13 17 0 14 13 21 19 6 21 6 17 0 4 17 2 2 19 9 11 1 23 14 0 12 10 13 10 15 11 14 8 11 13 8 21 21 18 20 23 22 10 13 2 4 5 3 24 0 4 11 13 7 3 12 22 11 9 19 6 5 20 24 19 10 8 8 4 13 20 8 10 19 9 10 11 6 4 12 17 8 18 11 20 1 9 10 21 6 8 23 13 22 2 10 8 16 7 6 10 13 11 9 24 23 11 23 21 6 6 23 15 9 21 10 20 23 9 1 8 6 4 5 5 0 9 4 20 10 17 1 4 3 10 2 20 5 14 22 19 4 22 18 11 7 15 14 4 3 11 6 14 6 3 6 21 18 13 11 9 13 24 14 11 19 3 2 12 4 22 16 17 3 22 8 15 6 8 13 23 10 17 21 19 10 0 19 15 16 5 15 15 14 10 24 23 23 17 24 16 9 15 4 0 13 21 10 2 20 0 12 20 18 21 6 23 15 18 5 22 3 18 0 15 22 8 1 18 11 18 8 16 3 13 21 13 21 4 8 2 11 3 5 14 22 2 20 8 20 13 16 15 12 2 18 18 9 3 3 24 9 1 22 14 7 23 19 22 20 0 21 22 23 11 6 18 22 13 19 3 6 9 5 17 4 12 18 5 21 14 11 0 11 18 3 0 8 10 23 24 8 14 15 2 22 2 4 22 19 2 18 20 3 19 19 18 16 2 22 9 23 13 9 13 4 13 5 8 16 19 21 9 2 24 19 21 24 6 6 16 20 15 11 23 11 10 4 2 21 23 2 3 20 14 23 4 4 0 22 10 22 3 20 3 16 8 9 23 4 12 6 9 2 10 10 17 18 15 8 19 16 1 14 17 4 18 13 17 16 13 23 6 6 4 20 20 12 7 2 7 24 7 2 21 20 10 23 22 12 6 5 14 2 5 5 20 3 19 4 1 4 2 22 16 19 17 13 15 12 20 9 10 4 16 15 7 16 4 10 20 7 9 15 16 20 9 14 17 5 0 5 19 24 7 11 15 1 14 0 20 4 4 10 13 19 22 15 17 12 13 20 13 24 14 21 8 14 11 13 3 4 22 13 8 7 8 24 13 4 2 13 17 24 22 9 22 16 11 13 9 6 2 0 14 9 13 13 16 13 1 2 11 10 18 0 10 2 10 23 14 16 4 18 21 24 8 18 23 2 23 18 23 13 18 8 24 3 24 12 15 17 3 20 2 3 14 0 7 5 0 7 15 16 2 9 24 11 11 16 22 8 11 24 5 8 23 1 12 6 19 1 0 1 1 13 20 0 7 10 0 13 20 12 13 15 18 3 2 15 15 17 19 2 24 2 10 17 2 18 6 2 11 15 7 20 4 2 22 4 10 3 1 17 18 6 1 12 6 2 13 18 4 12 5 14 19 23 16 19 19 15 1 9 5 17 22 8 18 21 13 17 3 7 1 22 20 7 20 22 11 3 5 22 23 3 13 22 0 3 7 14 7 9 2 14 3 0 18 20 5 24 7 20 16 22 16 18 2 22 12 18 16 2 12 14 13 12 20 0 4 19 16 23 23 17 5 1 16 11 20 22 24 19 11 8 9 2 22 22 7 14 24 16 17 20 3 14 9 9 15 11 1 17 12 23 9 22 2 11 14 4 7 24 7 23 10 14 12 10 21 23 0 2 3 21 12 11 11 1 4 4 14 8 11 14 4 7 20 15 22 0 16 0 16 1 21 15 9 12 4 20 21 15 8 24 1 5 14 15 21 4 9 4 22 12 23 17 0 6 10 10 20 7 4 2 13 18 2 17 21 17 19 14 19 18 2 10 11 12 10 16 4 12 0 16 11 16 22 2 15 4 7 20 8 3 10 7 22 23 5 20 18 13 3 11 8 15 0 21 13 23 18 12 5 3 17 11 8 15 9 13 18 5 20 7 4 16 3 3 11 9 24 5 9 10 20 5 23 23 13 20 4 7 5 17 7 23 14 22 3 12 5 8 17 6 5 5 10 0 23 19 0 24 8 24 23 1 23 23 15 5 21 14 18 21 18 14 0 8 4 23 9 1 13 3 8 11 8 8 12 2 20 2 17 3 8 1 23 8 17 6 22 8 2 21 1 7 6 2 11 21 12 11 5 17 10 19 7 10 11 2 16 4 17 4 4 23 7 11 4 11 16 23 19 10 5 0 22 12 13 6 2 1 24 16 20 13 5 24 3 9 17 11 3 11 3 22 18 10 0 3 19 22 5 6 24 22 8 16 12 20 6 15 15 0 11 11 3 23 8 10 3 9 0 24 23 3 10 3 23 23 14 6 1 4 9 16 11 13 22 16 4 23 9 13 23 8 21 7 9 5 22 12 14 0 12 14 1 8 4 5 20 14 5 13 1 13 13 5 21 6 5 11 11 6 5 9 21 23 5 19 7 15 5 10 20 1 21 4 6 15 22 13 13 21 5 12 7 9 13 20 19 14 21 15 17 5 6 7 11 12 17 22 20 24 3 18 15 6 12 6 11 6 18 9 6 11 16 15 14 23 8 19 9 12 10 14 9 4 2 18 21 8 23 6 1 11 19 21 14 22 10 18 19 0 16 19 8 6 2 16 16 12 3 13 17 21 19 20 21 14 11 21 1 2 8 3 5 23 2 17 14 14 23 13 2 1 7 9 22 3 13 18 20 20 10 7 23 4 11 1 7 20 4 12 0 10 2 19 9 19 11 20 20 12 2 18 9 19 21 7 2 2 10 20 17 7 16 12 18 13 3 7 23 0 21 10 4 12 11 6 20 18 3 23 12 14 8 15 0 1 0 10 15 2 4 9 21 19 7 20 16 3 2 5 3 5 22 4 19 8 0 12 18 20 17 1 5 18 16 1 4 10 8 14 13 14 4 20 11 5 16 21 2 1 9 7 7 1 1 18 14 1 12 15 24 18 4 10 20 14 2 23 1 21 9 22 9 6 5 6 11 0 17 20 5 15 3 2 11 13 1 14 22 9 16 8 8 23 9 1 11 11 13 7 2 3 22 22 18 14 21 12 5 11 22 0 4 6 23 13 8 15 2 15 7 8 16 5 19 5 20 21 6 11 20 8 5 24 9 13 3 24 7 18 13 11 21 19 18 12 6 10 2 14 8 17 10 14 11 16 13 14 20 22 17 9 4 12 1 15 11 20 6 19 23 16 6 20 5 17 22 24 1 4 4 2 4 16 22 21 4 20 21 15 4 24 9 8 20 9 1 13 11 14 24 3 19 16 16 2 8 0 9 10 1 11 17 13 20 15 10 20 17 24 2 18 19 9 17 16 18 0 13 21 16 7 5 16 24 1 11 15 10 7 20 8 4 13 21 24 14 4 19 17 22 19 20 1 20 23 16 13 14 1 18 13 20 24 17 22 19 17 12 22 4 20 19 1 22 21 15 12 18 23 0 13 13 18 1 18 17 0 6 0 8 2 0 19 23 10 0 6 12 16 23 12 22 7 15 8 0 8 4 8 0 12 3 0 13 5 16 21 5 23 0 9 16 6 1 11 22 15 8 11 8 11 14 10 24 24 10 13 24 1 5 11 1 0 4 15 13 23 14 17 4 11 14 2 21 24 18 1 20 20 12 12 15 0 9 11 8 13 1 0 18 7 12 6 21 23 10 15 14 3 6 7 1 23 5 23 12 14 6 10 10 15 14 11 16 7 21 15 12 1 19 2 10 13 5 18 22 7 20 1 24 2 9 22 11 5 17 6 16 0 0 18 5 6 12 11 11 24 0 1 21 6 14 7 22 4 21 5 19 8 22 23 3 13 4 23 1 9 12 24 0 16 17 19 18 12 9 2 5 19 20 13 13 15 14 10 12 21 12 18 24 1 2 21 22 4 0 10 10 11 18 24 2 18 7 21 17 3 16 5 16 2 11 22 6 3 9 3 22 18 20 22 2 18 18 22 0 1 7 1 0 10 23 15 0 9 8 16 10 4 14 10 1 1 24 14 2 3 7 3 22 19 1 4 19 9 16 3 6 14 18 12 1 7 17 5 4 17 9 13 20 11 17 22 0 19 7 20 5 6 17 14 9 17 15 11 6 23 8 21 21 15 15 15 10 18 21 1 18 4 13 9 11 10 14 12 0 4 23 19 6 16 21 11 23 4 19 1 22 22 5 13 15 0 4 2 12 22 8 7 7 24 3 11 9 21 5 20 6 21 15 22 22 11 11 21 24 22 7 4 7 0 24 19 13 15 8 14 0 3 1 0 6 3 18 21 3 8 0 8 0 6 10 3 5 8 14 3 17 1 0 0 24 13 19 14 4 3 1 23 5 16 12 14 18 2 15 6 5 2 24 2 2 10 8 14 1 5 10 10 1 19 17 20 0 15 2 23 9 8 18 5 13 11 9 11 6 11 10 7 5 11 22 22 22 18 20 24 14 17 23 2 23 24 10 14 2 15 14 4 19 22 21 19 11 21 22 9 0 22 16 20 7 11 17 13 14 23 18 19 11 10 7 7 14 4 14 7 4 5 8 13 14 24 12 13 14 17 1 8 3 8 10 22 12 16 13 7 3 8 12 19 23 15 17 18 2 21 5 10 8 3 10 22 10 5 10 0 12 17 13 13 12 9 2 22 2 23 2 3 16 17 23 3 14 15 20 12 14 14 9 4 21 22 24 22 12 0 11 1 23 17 18 4 8 11 22 1 4 18 20 16 9 3 16 15 13 13 4 16 21 20 22 24 17 9 9 11 24 9 22 10 19 13 11 2 19 7 11 14 16 9 18 20 12 22 1 2 10 20 13 11 9 3 7 24 12 7 10 24 9 24 1 24 1 18 13 24 19 4 22 14 16 9 5 2 18 1 5 12 13 15 24 2 3 13 9 6 14 15 6 21 2 9 20 16 17 8 2 9 16 5 0 23 14 9 3 2 21 8 10 8 12 19 18 23 18 22 7 13 17 7 3 14 15 7 1 10 2 15 1 5 15 8 14 12 4 21 20 24 12 4 11 5 10 19 21 22 8 12 24 17 6 21 6 18 12 16 5 18 11 2 5 14 18 3 22 22 9 8 19 16 8 22 23 1 3 8 24 5 1 13 14 2 15 11 24 15 5 4 24 13 16 8 8 22 9 18 17 1 20 7 11 11 4 19 12 7 4 2 11 12 15 3 19 20 22 18 16 19 11 18 15 21 14 10 19 11 12 5 7 4 24 8 14 8 10 9 13 1 1 6 20 18 9 9 19 3 19 24 19 21 23 14 21 20 10 17 3 16 16 21 22 2 21 10 18 9 8 20 17 12 21 21 1 9 15 15 12 7 6 11 0 13 18 16 3 23 4 12 2 0 14 3 20 3 4 10 14 21 15 9 4 13 9 1 13 18 21 0 24 14 12 24 1 14 4 24 21 2 0 13 11 13 23 22 8 10 5 7 20 15 4 12 24 1 7 21 15 21 12 1 4 11 11 18 1 21 13 11 23 3 23 14 17 5 8 3 1 1 1 3 17 12 7 4 23 23 21 7 5 16 7 3 6 3 20 3 20 15 4 8 2 3 11 12 3 0 21 21 6 17 14 10 8 11 3 8 19 16 18 24 16 15 23 10 23 6 13 14 18 7 11 11 1 22 2 8 12 15 23 6 1 10 8 20 20 16 0 17 17 10 12 3 1 4 3 9 23 17 13 16 4 5 12 12 22 20 8 15 17 6 20 2 12 2 6 19 0 18 3 7 13 2 18 23 20 20 23 6 24 9 16 10 8 17 14 14 14 21 22 22 12 21 22 1 5 16 12 0 8 9 3 21 22 7 9 3 3 23 20 20 18 13 17 1 7 11 10 18 6 13 9 18 16 10 7 22 4 17 20 4 2 4 0 2 18 2 9 19 6 9 2 11 14 18 5 19 2 2 10 12 21 22 4 14 19 5 8 8 7 19 3 22 0 15 0 5 17 12 9 6 24 21 18 10 19 15 5 6 11 20 9 15 5 14 18 9 16 1 6 12 11 4 11 14 20 0 1 14 16 12 17 18 13 13 1 13 3 13 15 24 1 12 20 0 21 19 18 5 3 10 17 13 12 9 21 2 4 6 12 10 13 18 19 2 19 5 1 4 4 23 22 11 11 14 14 14 11 5 23 11 22 4 20 7 6 1 1 21 4 16 0 4 2 24 21 3 3 10 20 1 12 22 13 14 22 18 19 17 7 0 11 18 9 21 5 10 7 2 3 3 10 16 10 21 3 3 21 8 23 1 11 10 14 17 24 13 1 13 1 4 3 0 19 20 10 4 0 16 23 22 13 2 18 15 17 24 7 22 19 8 21 20 8 1 9 0 23 10 18 6 21 0 13 21 16 24 23 9 6 23 16 19 17 4 14 21 23 23 18 22 7 6 1 8 3 22 17 2 17 22 9 6 12 1 7 11 6 20 17 9 0 19 3 19 13 17 4 13 19 19 9 20 7 23 24 14 23 23 3 7
7 9 24 26 40 45 59 65 66 70 74 75 86 93 95 99 100 114 123 125 128 135 139 142 143 147 168 170 173 178 205 209 210 213 228 229 235 246 257 259 270 271 272 275 278 279 295 297 304 306 307 328 343 344 351 368 373 377 383 384 388 390 394 395 396 402 412 420 425 432 445 451 454 455 456 464 468 482 486 493 496 503 505 507 515 517 523 544 557 559 567 569 570 571 581 607 608 609 613 618 622 625 629 644 648 658 660 662 677 678 697 715 717 719 724 730 731 733 745 747 752 765 767 768 771 773 782 787 788 789 790 797 803 810 812 819 820 834 838 841 850 859 877 882 904 921 935 936 938 939 954 964 969 984 992 998 999 1009 1025 1028 1033 1036 1054 1065 1069 1071 1084 1099 1101 1117 1123 1124 1140 1148 1166 1169 1172 1176 1177 1185 1200 1204 1207 1210 1211 1227 1235 1241 1244 1274 1294 1305 1306 1311 1324 1325 1340 1345 1346 1351 1367 1369 1375 1390 1412 1430 1431 1432 1440 1446 1477 1483 1493 1502 1517 1530 1538 1544 1553 1566 1568 1569 1571 1583 1590 1605 1611 1612 1635 1644 1648 1649 1652 1655 1680 1694 1702 1718 1723 1724 1725 1733 1736 1737 1738 1747 1754 1755 1756 1757 1761 1762 1763 1765 1766 1770 1774 1775 1778 1783 1790 1794 1799 1806 1813 1816 1818 1826 1829 1850 1860 1875 1876 1878 1879 1887 1896 1897 1901 1917 1926 1928 1936 1937 1941 1947 1950 1958 1959 1974 1985 1990 1993 1995 1996 2000 2006 2019 2021 2022 2029 2033 2034 2038 2052 2055 2059 2069 2070 2094 2095 2098 2121 2129 2147 2148 2154 2168 2169 2177 2208 2209 2210 2211 2214 2215 2229 2236 2247 2248 2252 2253 2267 2273 2274 2293 2294 2297 2304 2305 2306 2307 2310 2315 2320 2321 2326 2330 2332 2339 2342 2350 2351 2360 2366 2372 2388 2397 2399 2410 2412 2413 2420 2421 2427 2433 2440 2445 2455 2469 2473 2478 2480 2495 2496 2497 2500 2502 2515 2516 2529 2531 2534 2542 2547 2555 2560 2562 2579 2584 2585 2595 2606 2613 2619 2622 2629 2631 2632 2639 2643 2648 2651 2662 2663 2671 2679 2684 2693 2696 2697 2698 2702 2712 2714 2719 2721 2751 2752 2757 2759 2765 2770 2771 2773 2791 2799 2800 2819 2827 2828 2834 2836 2847 2851 2860 2878 2881 2882 2903 2904 2910 2911 2912 2913 2915 2931 2937 2945 2951 2952 2970 2975 2985 2989 2991 3018 3023 3025 3031 3033 3044 3045 3046 3049 3057 3073 3097 3101 3104 3106 3128 3131 3150 3157 3158 3166 3173 3178 3180 3215 3235 3240 3244 3245 3249 3265 3274 3280 3290 3292 3305 3309 3323 3326 3329 3331 3339 3352 3365 3366 3369 3378 3385 3386 3387 3404 3405 3417 3422 3423 3424 3437 3446 3447 3448 3466 3474 3480 3484 3489 3496 3507 3508 3517 3530 3548 3556 3560 3567 3573 3584 3585 3588 3596 3597 3605 3608 3619 3646 3660 3662 3666 3675 3678 3681 3682 3703 3705 3710 3713 3731 3736 3751 3753 3766 3767 3794 3798 3807 3809 3811 3819 3824 3827 3828 3830 3833 3844 3861 3864 3865 3877 3888 3895 3907 3910 3916 3918 3929 3934 3938 3949 3951 3952 3953 3964 3969 3971 3978 3979 4013 4014 4018 4019 4025 4027 4045 4056 4060 4063 4078 4081 4082 4090 4097 4103 4113 4115 4119 4126 4128 4134 4139 4140 4152 4153 4154 4158 4162 4165 4181 4185 4186 4195 4199 4207 4208 4209 4210 4213 4222 4235 4244 4261 4264 4266 4283 4284 4285 4286 4301 4319 4320 4323 4329 4330 4331 4347 4351 4360 4361 4363 4365 4367 4369 4373 4379 4382 4387 4392 4393 4400 4408 4409 4410 4414 4423 4424 4425 4426 4430 4446 4451 4458 4461 4464 4469 4481 4485 4491 4492 4495 4497 4513 4519 4526 4530 4536 4538 4539 4543 4545 4547 4551 4556 4564 4574 4581 4596 4597 4598 4607 4621 4646 4655 4657 4664 4668 4671 4674 4678 4681 4685 4686 4687 4692 4697 4707 4709 4715 4719 4728 4729 4730 4731 4743 4752 4760 4771 4772 4773 4776 4786 4791 4792 4797 4802 4807 4816 4818 4824 4835 4836 4842 4848 4849 4853 4858 4885 4891 4906 4915 4917 4918 4919 4923 4940 4944 4952 4962 4963 4964 4965 4969 4972 5002 5006 5010 5022 5031 5047 5048 5049 5051 5052 5053 5060 5064 5065 5067 5068 5088 5095 5106 5110 5111 5117 5128 5129 5133 5134 5144 5149 5154 5158 5166 5167 5170 5172 5173 5176 5177 5194 5202 5204 5224 5225 5226 5229 5234 5237 5239 5246 5265 5271 5273 5282 5286 5288 5291 5294 5295 5301 5308 5309 5312 5313 5314 5317 5318 5321 5323 5324 5331 5332 5354 5355 5367 5381 5397 5411 5415 5425 5428 5436 5437 5440 5446 5449 5458 5459 5466 5471 5482 5483 5485 5511 5526 5534 5564 5565 5579 5580 5581 5595 5614 5619 5630 5644 5645 5656 5671 5672 5673 5675 5678 5679 5693 5721 5722 5723 5751 5755 5758 5765 5769 5779 5787 5788 5807 5822 5824 5832 5851 5856 5857 5862 5865 5880 5890 5894 5904 5905 5911 5917 5921 5924 5941 5945 5949 5959 5966 5971 5977 5978 5988 5989 5990 5994 5998 6007 6008 6023 6025 6030 6031 6041 6042 6044 6045 6055 6064 6070 6072 6078 6086 6090 6100 6101 6104 6107 6110 6135 6136 6141 6143 6160 6162 6170 6175 6177 6178 6186 6188 6195 6197 6198 6211 6212 6213 6214 6217 6237 6239 6260 6261 6265 6272 6280 6288 6289 6296 6300 6322 6324 6330 6337 6345 6352 6360 6367 6382 6386 6399 6407 6416 6417 6425 6432 6441 6447 6460 6461 6462 6471 6476 6479 6483 6485 6495 6502 6504 6510 6511 6514 6527 6530 6538 6540 6543 6544 6550 6553 6557 6566 6581 6588 6593 6604 6607 6611 6624 6627 6643 6647 6656 6659 6663 6667 6674 6683 6686 6709 6716 6718 6720 6733 6735 6738 6740 6755 6758 6759 6771 6790 6795 6802 6822 6831 6832 6857 6863 6864 6880 6881 6882 6883 6885 6887 6892 6893 6902 6903 6914 6919 6920 6927 6930 6944 6949 6953 6962 6966 6988 6993 6997 7002 7005 7027 7028 7031 7066 7071 7076 7100 7107 7108 7109 7115 7116 7119 7130 7133 7142 7144 7157 7158 7162 7168 7171 7174 7182 7185 7197 7201 7209 7216 7217 7240 7241 7263 7265 7266 7274 7284 7298 7305 7310 7320 7331 7337 7349 7354 7357 7361 7364 7369 7372 7375 7383 7392 7396 7401 7407 7416 7427 7429 7434 7446 7447 7450 7451 7452 7456 7479 7491 7493 7504 7505 7507 7510 7511 7512 7513 7517 7523 7525 7543 7553 7556 7560 7598 7606 7610 7611 7620 7621 7635 7636 7649 7652 7655 7677 7685 7688 7696 7698 7714 7717 7720 7724 7728 7733 7753 7792 7797 7820 7821 7822 7823 7824 7828 7831 7833 7835 7841 7846 7849 7851 7859 7861 7868 7876 7879 7884 7897 7915 7930 7935 7936 7937 7943 7949 7953 7955 7956 7957 7959 7961 7962 7963 7970 7971 7982 7984 7988 7997 8003 8006 8037 8038 8047 8055 8058 8061 8063 8066 8074 8079 8091 8092 8093 8099 8108 8109 8112 8115 8134 8141 8143 8154 8173 8184 8191 8198 8205 8219 8222 8225 8231 8232 8235 8236 8255 8260 8261 8262 8263 8264 8283 8291 8295 8296 8297 8313 8314 8316 8318 8324 8332 8337 8341 8343 8356 8364 8365 8372 8376 8381 8382 8384 8410 8417 8422 8425 8430 8436 8441 8449 8452 8464 8468 8471 8474 8481 8482 8486 8488 8489 8491 8501 8515 8517 8521 8528 8534 8549 8550 8551 8554 8568 8570 8576 8581 8583 8588 8591 8607 8608 8609 8613 8617 8624 8628 8629 8630 8641 8650 8653 8662 8677 8678 8708 8716 8727 8734 8735 8752 8753 8757 8793 8799 8811 8816 8823 8826 8827 8832 8834 8837 8838 8839 8845 8850 8869 8874 8875 8877 8886 8919 8925 8926 8930 8931 8932 8933 8934 8935 8936 8938 8945 8946 8954 8955 8969 8970 8978 8981 8982 8998 9009 9019 9020 9024 9032 9041 9044 9046 9050 9053 9061 9068 9072 9073 9074 9078 9079 9082 9083 9084 9085 9086 9100 9105 9107 9109 9111 9116 9118 9127 9128 9140 9145 9148 9162 9170 9171 9182 9188 9205 9206 9210 9216 9218 9224 9229 9245 9256 9259 9266 9271 9289 9291 9292 9293 9295 9308 9309 9310 9314 9321 9322 9332 9335 9345 9355 9357 9376 9391 9392 9393 9396 9397 9408 9418 9424 9430 9432 9433 9445 9463 9464 9465 9478 9479 9501 9505 9510 9513 9515 9516 9522 9523 9529 9534 9536 9540 9541 9542 9546 9567 9571 9590 9596 9597 9599 9612 9613 9615 9625 9630 9631 9633 9637 9653 9666 9669 9673 9682 9698 9699 9700 9706 9707 9715 9717 9727 9731 9736 9739 9746 9758 9760 9761 9764 9765 9770 9775 9778 9780 9787 9792 9796 9799 9801 9803 9805 9806 9809 9810 9811 9814 9817 9822 9825 9833 9843 9848 9852 9856 9861 9863 9869 9873 9877 9881 9882 9883 9884 9898 9899 9900 9921 9936 9952 9955 9958 9959 9969 9971 9978 9980 9997 10002 10005 10007 10020 10033 10034 10044 10053 10057 10060 10069 10072 10074 10083 10089 10099 10100 10101 10107 10119 10121 10127 10129 10133 10139 10149 10156 10164 10171 10179 10186 10192 10198 10208 10215 10217 10225 10232 10239 10245 10254 10255 10258 10267 10272 10275 10281 10282 10286 10306 10307 10319 10324 10335 10336 10339 10354 10362 10365 10373 10374 10375 10380 10383 10389 10408 10413 10418 10419 10420 10427 10437 10438 10443 10447 10455 10480 10484 10485 10497 10504 10506 10510 10511 10515 10516 10518 10519 10528 10533 10534 10535 10537 10547 10557 10559 10563 10579 10580 10587 10593 10594 10597 10602 10605 10611 10621 10624 10625 10630 10631 10647 10659 10664 10674 10681 10682 10683 10685 10688 10697 10699 10700 10726 10735 10740 10757 10761 10766 10773 10782 10787 10796 10806 10820 10822 10829 10852 10853 10861 10864 10867 10879 10905 10911 10914 10918 10927 10930 10931 10932 10935 10946 10950 10956 10959 10969 10975 10986 10989 11003 11012 11031 11049 11051 11054 11061 11066 11074 11084 11085 11087 11096 11108 11114 11122 11137 11150 11155 11163 11178 11180 11183 11187 11200 11201 11212 11213 11221 11223 11251 11264 11290 11292 11293 11296 11303 11307 11309 11310 11311 11312 11318 11328 11337 11350 11353 11358 11366 11369 11377 11378 11379 11390 11408 11417 11419 11422 11429 11436 11438 11442 11453 11476 11481 11493 11499 11506 11512 11522 11535 11539 11545 11549 11563 11568 11574 11578 11582 11584 11587 11588 11599 11601 11602 11603 11604 11608 11626 11627 11630 11635 11641 11655 11656 11668 11683 11698 11703 11710 11724 11727 11744 11759 11762 11763 11770 11771 11772 11773 11774 11790 11791 11804 11807 11819 11820 11828 11831 11838 11846 11862 11866 11875 11877 11878 11879 11880 11882 11883 11893 11898 11899 11901 11908 11909 11910 11917 11935 11953 11962 11963 11967 11969 11999 12004 12005 12006 12016 12017 12019 12024 12030 12032 12042 12069 12080 12089 12090 12096 12103 12104 12116 12121 12125 12149 12152 12161 12165 12173 12176 12182 12187 12200 12201 12202 12203 12208 12214 12221 12225 12241 12247 12248 12252 12255 12262 12265 12276 12277 12283 12299 12304 12307 12310 12312 12313 12321 12343 12344 12354 12359 12360 12364 12365 12375 12378 12387 12388 12389 12392 12401 12417 12422 12434 12436 12440 12441 12451 12453 12465 12479 12487 12488 12489 12493 12504 12507 12526 12531 12559 12571 12577 12584 12590 12591 12592 12597 12600 12603 12606 12613 12623 12637 12639 12640 12642 12648 12668 12680 12691 12692 12699 12710 12723 12737 12739 12741 12763 12766 12773 12774 12775 12779 12787 12805 12811 12824 12826 12831 12832 12839 12840 12841 12844 12847 12849 12857 12858 12865 12869 12881 12893 12894 12896 12899 12900 12901 12902 12905 12935 12945 12951 12958 12986 12996 13001 13005 13009 13010 13016 13023 13026 13034 13036 13052 13056 13072 13076 13085 13086 13101 13108 13112 13119 13124 13137 13139 13140 13144 13147 13153 13179 13187 13202 13210 13213 13214 13238 13252 13255 13265 13266 13276 13302 13315 13318 13324 13325 13334 13337 13342 13347 13348 13349 13354 13355 13356 13362 13387 13390 13394 13412 13417 13422 13436 13438 13440 13443 13450 13458 13459 13469 13475 13493 13499 13504 13509 13510 13552 13573 13585 13588 13593 13596 13610 13611 13614 13615 13619 13639 13647 13648 13649 13651 13659 13689 13699 13702 13703 13704 13708 13713 13714 13733 13734 13747 13754 13766 13776 13778 13784 13785 13799 13801 13806 13812 13814 13819 13823 13824 13827 13831 13837 13844 13847 13848 13854 13863 13873 13883 13884 13891 13892 13893 13898 13900 13913 13914 13929 13944 13945 13948 13953 13960 13964 13969 13971 13973 13974 13979 13981 14000 14004 14012 14026 14028 14029 14046 14048 14052 14069 14070 14071 14079 14084 14092 14096 14111 14117 14118 14126 14128 14142 14146 14147 14148 14164 14178 14180 14181 14186 14189 14199 14211 14236 14237 14253 14264 14272 14282 14283 14284 14293 14294 14306 14307 14308 14310 14317 14326 14336 14341 14355 14367 14379 14380 14392 14393 14399 14418 14427 14430 14431 14438 14440 14441 14446 14447 14458 14459 14460 14464 14481 14482 14483 14495 14496 14501 14502 14507 14527 14548 14557 14560 14561 14577 14583 14584 14587 14589 14600 14608 14621 14631 14632 14639 14640 14645 14669 14680 14699 14725 14732 14733 14735 14737 14749 14754 14756 14761 14762 14767 14768 14769 14786 14788 14797 14813 14829 14835 14877 14880 14894 14899 14900 14901 14903 14910 14920 14939 14943 14944 14950 14952 14960 14963 14975 15000 15001 15010 15013 15029 15034 15041 15049 15050 15051 15072 15083 15090 15093 15101 15102 15103 15126 15129 15130 15132 15147 15148 15149 15152 15153 15159 15181 15182 15187 15194 15198 15202 15210 15213 15216 15235 15239 15244 15259 15262 15267 15275 15278 15279 15287 15290 15301 15303 15304 15306 15316 15320 15321 15325 15326 15328 15335 15336 15337 15339 15345 15346 15354 15366 15373 15377 15378 15382 15386 15390 15393 15411 15421 15428 15431 15435 15442 15457 15477 15478 15484 15485 15488 15496 15498 15510 15511 15512 15524 15559 15574 15575 15582 15593 15594 15596 15606 15616 15618 15623 15627 15629 15632 15633 15656 15666 15674 15677 15681 15682 15702 15707 15708 15725 15749 15750 15776 15780 15785 15799 15835 15855 15856 15858 15859 15860 15866 15871 15880 15881 15888 15903 15917 15920 15935 15936 15937 15942 15962 15968 15977 15978 15984 15988 15997 15998 15999 16011 16014 16016 16017 16018 16022 16032 16041 16042 16044 16057 16069 16073 16076 16096 16118 16121 16137 16160 16177 16178 16179 16184 16231 16233 16236 16246 16249 16254 16259 16263 16266 16274 16289 16296 16303 16306 16312 16326 16327 16331 16355 16363 16368 16369 16370 16374 16375 16376 16385 16403 16409 16416 16438 16439 16446 16449 16467 16472 16482 16484 16486 16491 16492 16500 16507 16508 16510 16527 16534 16537 16551 16552 16566 16577 16588 16589 16612 16624 16628 16634 16641 16642 16643 16665 16666 16668 16671 16682 16684 16689 16697 16709 16714 16729 16740 16750 16758 16765 16767 16783 16792 16820 16822 16828 16829 16833 16840 16841 16846 16847 16886 16902 16923 16924 16934 16937 16961 16963 16987 16988 16990 16992 16994 16997 17003 17011 17014 17034 17038 17040 17041 17046 17054 17098 17104 17109 17117 17132 17135 17142 17154 17167 17168 17172 17176 17179 17184 17185 17186 17187 17202 17209 17210 17216 17235 17251 17258 17261 17263 17267 17270 17274 17282 17289 17293 17294 17295 17297 17299 17304 17306 17308 17312 17324 17327 17329 17338 17339 17347 17358 17360 17369 17373 17374 17379 17383 17405 17407 17414 17415 17416 17417 17418 17426 17429 17442 17447 17457 17458 17474 17477 17482 17483 17485 17496 17497 17499 17507 17512 17522 17530 17537 17538 17549 17551 17562 17563 17571 17595 17598 17612 17624 17625 17633 17653 17671 17684 17688 17689 17691 17699 17705 17710 17722 17725 17726 17734 17739 17754 17755 17756 17778 17787 17789 17797 17804 17812 17813 17827 17837 17853 17869 17870 17894 17904 17916 17918 17923 17940 17953 17965 17982 17989 18002 18017 18018 18023 18026 18028 18042 18049 18062 18063 18066 18074 18078 18080 18086 18094 18101 18106 18130 18133 18137 18159 18160 18161 18166 18175 18183 18184 18205 18207 18214 18215 18216 18232 18235 18243 18246 18255 18265 18270 18280 18287 18303 18316 18317 18325 18329 18332 18335 18338 18341 18342 18343 18344 18349 18354 18355 18358 18373 18374 18377 18378 18380 18386 18390 18394 18396 18403 18429 18430 18442 18443 18453 18459 18460 18480 18485 18489 18507 18508 18511 18517 18522 18525 18538 18539 18540 18541 18561 18575 18586 18591 18603 18604 18605 18607 18610 18617 18618 18626 18634 18637 18639 18645 18658 18677 18682 18684 18693 18702 18714 18721 18725 18731 18739 18746 18749 18752 18757 18759 18760 18762 18765 18768 18774 18788 18795 18796 18828 18834 18835 18836 18841 18851 18853 18857 18858 18861 18864 18870 18873 18877 18880 18888 18905 18908 18909 18918 18922 18927 18928 18939 18947 18969 18975 18979 18991 19008 19013 19017 19020 19025 19026 19030 19037 19041 19044 19047 19050 19051 19076 19095 19098 19117 19126 19146 19149 19156 19167 19170 19172 19176 19177 19178 19184 19196 19205 19209 19214 19215 19253 19254 19271 19272 19273 19301 19303 19310 19316 19325 19327 19336 19338 19345 19350 19351 19358 19369 19372 19376 19378 19382 19399 19413 19415 19418 19420 19424 19432 19434 19435 19451 19452 19457 19460 19461 19466 19468 19469 19473 19479 19480 19488 19497 19520 19543 19564 19566 19570 19576 19580 19581 19597 19610 19638 19639 19649 19658 19674 19678 19679 19680 19681 19704 19718 19724 19729 19736 19737 19738 19742 19744 19768 19781 19783 19785 19792 19793 19794 19799 19801 19802 19803 19810 19813 19826
223 158 262 211 200 232 300 271 211 204 234 220 261 302 240 248 317 299 290 310 352 351 356 317 303 307 328 315 340 323 339 343 361 389 404 435 452 388 406 468 455 472 457 484 474 424 440 496 489 515 516 504 492 478 575 543 589 586 534 544 570 589 603 544 602 536 636 636 621 638 590 618 650 589 662 663 628 699 646 717 656 704 650 652 711 718 747 686 744 768 718 765 719 738 726 808 825 808 773 842 813 842 796 820 782 896 805 829 862 874 873 900 902 943 933 931 918 924 894 922 927 981 942 984 977 979 927 983 973 1006 981 939 954 955 1050 964 954 1040 998 975 1088 1008 1073 1042 1128 1137 1141 1137 1162 1088 1121 1146 1118 1166 1208 1204 1150 1225 1216 1219 1200 1235 1214 1282 1214 1272 1290 1308 1277 1341 1299 1309 1300 1349 1300 1329 1396 1310 1326 1334 1396 1445 1352 1448 1387 1451 1426 1392 1386 1449 1481 1511 1457 1471 1548 1470 1515 1554 1584 1511 1566 1536 1557 1532 1653 1617 1598 1608 1574 1580 1628 1707 1734 1636 1693 1697 1737 1720 1713 1748 1719 1778 1787 1717 1786 1765 1852 1829 1834 1820 1797 1831 1786 1800 1904 1932 1893 1894 1857 1909 1870 1915 1912 1961 1898 1946 1941 1900 1916 1902 1910 1944 1945 1910 1951 1969 1923 1951 2019 1928 1989 2011 1933 1988 1964 1958 1960 2032 2028 2001 2101 2051 2092 2095 2030 2062 2072 2088 2142 2059 2127 2166 2103 2088 2179 2143 2110 2103 2144 2175 2136 2165 2153 2177 2197 2182 2181 2201 2170 2218 2253 2193 2233 2262 2239 2256 2219 2236 2245 2285 2304 2249 2359 2314 2363 2323 2392 2302 2354 2359 2342 2433 2355 2387 2430 2364 2396 2412 2453 2415 2437 2438 2409 2458 2459 2494 2470 2484 2449 2450 2522 2494 2495 2514 2505 2472 2532 2554 2481 2515 2533 2591 2557 2569 2607 2568 2537 2579 2544 2595 2608 2555 2658 2596 2623 2639 2625 2683 2589 2686 2669 2638 2676 2629 2681 2672 2724 2651 2739 2665 2680 2665 2725 2702 2722 2697 2761 2800 2770 2825 2719 2836 2830 2798 2804 2831 2820 2827 2828 2838 2818 2823 2838 2861 2880 2909 2880 2829 2838 2863 2935 2939 2908 2861 2952 2864 2881 2933 2948 2995 2983 2932 2945 2953 2972 2933 3015 2951 3028 3023 2970 2983 3037 3007 3057 3020 3074 3056 3088 3037 3080 3055 3098 3046 3114 3100 3122 3175 3136 3102 3190 3137 3166 3181 3230 3166 3185 3190 3221 3216 3224 3282 3244 3191 3273 3256 3297 3248 3325 3246 3240 3313 3298 3299 3356 3349 3353 3340 3327 3367 3397 3417 3425 3485 3430 3409 3410 3434 3456 3441 3483 3454 3454 3514 3501 3570 3532 3484 3503 3516 3572 3607 3554 3623 3561 3628 3579 3590 3551 3621 3568 3575 3646 3628 3646 3639 3642 3650 3696 3680 3674 3630 3674 3693 3734 3731 3764 3707 3756 3791 3789 3769 3809 3733 3778 3779 3756 3849 3860 3855 3805 3853 3811 3862 3823 3872 3831 3944 3881 3855 3951 3940 3918 3893 3954 3957 3909 3936 4039 3982 3976 3962 4036 3975 4018 4066 4015 4000 4060 4085 4049 4074 4118 4087 4071 4058 4095 4101 4063 4114 4085 4114 4190 4096 4151 4138 4149 4210 4170 4179 4195 4155 4220 4160 4186 4212 4172 4205 4241 4277 4264 4284 4322 4233 4241 4273 4327 4280 4353 4304 4342 4337 4358 4380 4364 4339 4354 4303 4292 4363 4325 4405 4360 4337 4433 4423 4341 4353 4343 4397 4437 4373 4426 4468 4477 4451 4504 4482 4522 4470 4446 4525 4518 4502 4514 4535 4531 4530 4571 4575 4545 4585 4580 4556 4527 4545 4569 4585 4558 4578 4568 4538 4601 4593 4560 4606 4563 4610 4558 4621 4571 4621 4591 4647 4603 4685 4660 4603 4668 4660 4678 4701 4680 4713 4688 4760 4717 4705 4737 4744 4684 4685 4751 4692 4736 4741 4755 4773 4768 4756 4757 4783 4845 4755 4806 4842 4799 4798 4813 4888 4883 4860 4848 4902 4892 4904 4909 4921 4948 4915 4860 4895 4934 4953 4971 4940 4967 4937 4956 4946 4963 4958 4961 5002 4958 4983 4984 4993 4983 5032 5009 5020 5017 5027 5002 5033 4994 5094 5009 5076 5129 5057 5091 5092 5135 5135 5119 5122 5161 5161 5144 5154 5188 5161 5120 5181 5144 5207 5177 5167 5216 5214 5215 5234 5268 5251 5195 5276 5302 5199 5263 5217 5312 5311 5281 5255 5328 5355 5369 5274 5374 5372 5304 5324 5296 5396 5311 5342 5394 5410 5379 5351 5322 5395 5347 5403 5415 5426 5401 5435 5430 5478 5381 5433 5410 5512 5458 5520 5471 5484 5482 5532 5504 5497 5493 5500 5521 5514 5538 5526 5559 5527 5474 5491 5516 5477 5499 5571 5509 5598 5582 5571 5656 5663 5615 5603 5597 5574 5645 5640 5696 5697 5611 5672 5669 5668 5701 5752 5701 5735 5763 5764 5764 5740 5798 5811 5823 5764 5829 5882 5836 5816 5872 5823 5818 5862 5823 5824 5869 5922 5931 5899 5900 5900 5964 5956 5944 5928 5996 5948 5967 6039 5975 5983 6052 5990 6017 6063 6016 6025 6131 6079 6142 6111 6096 6123 6106 6141 6090 6130 6148 6168 6117 6212 6126 6163 6122 6176 6207 6136 6199 6192 6157 6174 6224 6181 6269 6250 6187 6260 6251 6237 6240 6246 6313 6223 6237 6281 6324 6297 6295 6323 6259 6351 6303 6342 6310 6356 6353 6346 6335 6386 6354 6371 6339 6404 6403 6383 6371 6397 6451 6405 6402 6388 6384 6501 6395 6440 6448 6425 6526 6434 6438 6541 6518 6548 6505 6497 6479 6537 6566 6516 6606 6531 6595 6616 6558 6592 6641 6592 6575 6632 6659 6685 6658 6613 6717 6624 6634 6670 6670 6677 6664 6709 6698 6656 6726 6706 6779 6682 6688 6689 6774 6794 6708 6711 6723 6804 6738 6749 6808 6849 6799 6836 6785 6781 6872 6841 6805 6809 6850 6889 6831 6876 6922 6905 6854 6920 6880 6955 6885 6900 6943 6901 6920 6991 6991 6951 7018 7032 7038 6991 7014 7009 7079 7098 7106 7058 7019 7047 7026 7027 7111 7094 7155 7110 7136 7102 7064 7161 7094 7087 7178 7148 7226 7127 7188 7151 7222 7172 7210 7222 7226 7220 7285 7260 7249 7324 7285 7282 7261 7295 7290 7324 7327 7295 7373 7309 7313 7313 7316 7334 7333 7345 7382 7346 7376 7392 7359 7446 7479 7472 7489 7448 7465 7501 7485 7490 7551 7544 7473 7524 7524 7553 7573 7521 7539 7529 7547 7613 7579 7568 7602 7576 7574 7654 7569 7611 7621 7684 7581 7635 7660 7693 7638 7664 7676 7699 7664 7665 7682 7655 7645 7688 7688 7716 7729 7712 7688 7728 7732 7735 7743 7751 7811 7793 7837 7772 7834 7821 7809 7876 7893 7862 7836 7833 7895 7922 7859 7851 7869 7869 7927 7875 7991 8001 7998 8026 8030 8023 8040 7958 7979 7973 8074 8036 7983 8070 8066 8075 8083 8003 8017 8058 8021 8044 8057 8097 8072 8134 8085 8082 8085 8116 8098 8140 8098 8133 8200 8178 8111 8114 8152 8156 8220 8208 8212 8146 8145 8215 8182 8237 8271 8296 8225 8262 8212 8251 8290 8221 8273 8237 8253 8308 8324 8347 8353 8302 8309 8337 8328 8336 8382 8366 8351 8380 8401 8418 8404 8385 8416 8417 8436 8381 8389 8427 8460 8471 8439 8465 8482 8442 8486 8492 8446 8447 8459 8498 8535 8484 8499 8486 8542 8581 8532 8560 8532 8578 8561 8548 8516 8566 8601 8602 8607 8634 8605 8660 8657 8598 8619 8705 8617 8672 8634 8630 8699 8677 8622 8664 8633 8646 8706 8733 8722 8729 8679 8773 8741 8768 8699 8767 8808 8751 8805 8779 8829 8832 8783 8753 8754 8764 8777 8841 8773 8870 8781 8850 8856 8829 8853 8844 8877 8875 8876 8968 8975 8944 8943 8949 8956 8960 8948 8956 9007 9014 9002 9068 9048 8979 9022 9047 9035 9069 9025 9014 9019 9081 9026 9062 9070 9134 9086 9112 9172 9128 9108 9079 9144 9137 9072 9130 9152 9171 9161 9145 9155 9169 9132 9181 9147 9176 9164 9261 9209 9207 9232 9186 9221 9192 9291 9212 9235 9206 9279 9283 9274 9320 9298 9300 9226 9281 9271 9317 9256 9283 9243 9312 9340 9319 9278 9369 9300 9287 9333 9311 9361 9388 9381 9333 9350 9423 9427 9412 9419 9441 9438 9430 9443 9455 9417 9447 9530 9492 9483 9438 9512 9457 9508 9548 9513 9503 9464 9514 9495 9551 9571 9598 9518 9576 9567 9584 9556 9621 9625 9619 9662 9629 9617 9567 9579 9608 9663 9682 9638 9639 9725 9650 9701 9688 9753 9754 9718 9724 9678 9743 9678 9700 9779 9748 9697 9749 9716 9814 9730 9782 9790 9797 9758 9749 9810 9772 9798 9775 9878 9802 9848 9829 9914 9816 9840 9886 9899 9930 9882 9902 9862 9923 9955 9896 9888 9913 9954 9969 9943 9940 9956 9971 9909 9994 9956 9988 9952 9981 10023 10002 10044 10043 10022 10008 9961 10020 10031 10002 9982 10066 10015 10010 9993 10037 10038 10102 10005 10085 10111 10064 10098 10033 10034 10075 10049 10084 10138 10070 10087 10193 10104 10143 10110 10156 10170 10112 10221 10196 10219 10229 10167 10221 10220 10209 10211 10238 10242 10251 10203 10278 10273 10259 10306 10259 10316 10325 10348 10304 10297 10368 10345 10320 10330 10345 10323 10363 10387 10364 10382 10398 10422 10357 10400 10362 10367 10417 10426 10462 10414 10440 10434 10412 10513 10409 10432 10506 10435 10493 10508 10470 10491 10551 10574 10506 10595 10579 10606 10518 10559 10599 10581 10600 10585 10632 10654 10605 10635 10658 10594 10653 10647 10681 10598 10696 10647 10701 10723 10646 10689 10715 10706 10656 10721 10740 10742 10715 10745 10729 10750 10741 10719 10753 10691 10750 10769 10746 10725 10763 10799 10776 10806 10787 10750 10820 10859 10769 10810 10764 10837 10781 10810 10798 10880 10890 10857 10889 10909 10830 10882 10848 10842 10871 10941 10939 10942 10943 10983 10933 11020 10972 10930 10966 10954 10982 11030 11028 11040 11048 11040 11091 11066 11122 11053 11074 11135 11133 11081 11116 11156 11080 11147 11166 11107 11119 11170 11166 11135 11176 11199 11229 11272 11290 11260 11263 11246 11272 11273 11244 11219 11311 11313 11314 11310 11267 11346 11332 11304 11308 11354 11365 11384 11362 11382 11346 11429 11358 11363 11368 11460 11465 11472 11468 11469 11481 11504 11467 11494 11455 11460 11497 11527 11545 11504 11541 11529 11582 11508 11565 11615 11523 11620 11607 11595 11608 11618 11660 11589 11578 11654 11624 11638 11682 11687 11689 11641 11688 11721 11682 11695 11726 11751 11766 11712 11750 11775 11723 11820 11735 11736 11730 11766 11735 11840 11748 11779 11832 11777 11772 11847 11834 11850 11842 11862 11853 11899 11865 11899 11919 11923 11918 11886 11926 12003 11987 11994 11956 11973 11949 11983 11939 12000 12000 11994 12036 12011 11977 12069 11989 12052 12038 12042 12035 12073 12065 12070 12076 12027 12032 12109 12073 12084 12043 12093 12100 12070 12155 12117 12128 12161 12138 12205 12165 12240 12242 12196 12202 12212 12255 12225 12241 12175 12249 12248 12245 12225 12274 12296 12295 12237 12289 12292 12272 12326 12325 12369 12378 12352 12374 12367 12357 12332 12375 12439 12369 12420 12359 12381 12420 12410 12416 12429 12449 12448 12464 12479 12410 12492 12419 12434 12515 12503 12531 12551 12472 12529 12559 12549 12511 12499 12600 12502 12546 12581 12576 12577 12603 12573 12549 12574 12546 12551 12571 12583 12621 12625 12626 12627 12649 12614 12696 12683 12639 12713 12692 12664 12683 12727 12740 12765 12722 12722 12751 12772 12776 12741 12757 12745 12754 12773 12830 12861 12875 12781 12864 12827 12854 12819 12871 12900 12930 12833 12855 12868 12924 12914 12901 12962 12915 12915 13015 12957 12928 12972 13043 13049 12984 12986 12980 13019 13077 12985 12992 12989 13053 13036 13024 13082 13050 13003 13082 13099 13069 13113 13105 13082 13076 13098 13054 13110 13079 13157 13092 13192 13178 13177 13180 13151 13144 13217 13198 13242 13251 13242 13258 13243 13296 13243 13286 13237 13276 13325 13257 13261 13309 13346 13340 13336 13335 13332 13335 13321 13378 13389 13401 13404 13390 13372 13453 13472 13407 13442 13452 13519 13482 13534 13565 13531 13519 13528 13487 13546 13482 13545 13496 13579 13516 13561 13547 13572 13554 13588 13562 13564 13596 13676 13678 13681 13646 13699 13646 13670 13691 13638 13690 13649 13696 13686 13753 13764 13770 13789 13744 13763 13848 13760 13781 13775 13768 13877 13846 13854 13887 13836 13900 13834 13859 13918 13927 13905 13853 13909 13881 13893 13910 13892 13899 13967 13927 13979 13929 13936 13941 13935 14030 14013 14001 14028 14047 14025 14043 14048 13971 14019 13981 14024 14092 14072 14058 14107 14029 14066 14026 14102 14065 14045 14098 14130 14125 14135 14094 14090 14129 14094 14139 14145 14209 14149 14116 14155 14187 14209 14220 14236 14250 14237 14228 14237 14286 14243 14214 14261 14246 14264 14300 14237 14271 14312 14302 14359 14335 14329 14343 14345 14298 14297 14402 14365 14418 14390 14392 14349 14416 14356 14452 14433 14404 14398 14432 14520 14500 14435 14489 14535 14491 14506 14483 14495 14502 14550 14560 14492 14540 14516 14620 14618 14579 14609 14598 14617 14587 14617 14630 14676 14616 14608 14670 14607 14649 14626 14605 14624 14682 14667 14682 14691 14737 14710 14740 14724 14718 14724 14798 14784 14721 14776 14758 14729 14774 14798 14745 14784 14808 14830 14819 14856 14827 14862 14865 14904 14886 14892 14883 14971 14936 14922 14948 14896 14947 14957 14979 14909 14977 14993 14971 14975 14988 14988 15053 15034 15059 15081 15079 15081 15049 15092 15102 15151 15105 15155 15077 15135 15149 15137 15102 15169 15120 15201 15200 15185 15204 15178 15168 15217 15183 15259 15218 15268 15228 15286 15331 15246 15326 15319 15271 15304 15331 15317 15292 15365 15325 15343 15338 15376 15323 15367 15321 15395 15407 15353 15359 15454 15403 15444 15390 15404 15401 15438 15434 15424 15516 15413 15496 15477 15517 15485 15453 15488 15512 15529 15506 15467 15522 15488 15526 15478 15538 15535 15520 15584 15592 15565 15507 15544 15563 15516 15624 15535 15610 15586 15555 15615 15573 15652 15666 15658 15668 15663 15644 15672 15673 15638 15649 15697 15735 15697 15658 15693 15812 15774 15778 15809 15811 15837 15751 15776 15778 15774 15794 15838 15777 15784 15847 15826 15883 15862 15856 15849 15943 15945 15904 15910 15916 15910 15972 15965 15934 16000 16011 16022 16016 16067 16001 16005 16017 16058 16014 16082 16022 16079 16116 16144 16152 16153 16119 16183 16158 16167 16176 16145 16159 16155 16184 16165 16148 16156 16215 16165 16258 16194 16238 16207 16226 16227 16193 16295 16260 16222 16252 16292 16317 16255 16378 16376 16386 16327 16328 16401 16430 16418 16421 16455 16394 16436 16419 16469 16490 16470 16474 16471 16448 16457 16521 16517 16533 16532 16530 16604 16543 16520 16546 16575 16524 16561 16584 16554 16633 16615 16655 16663 16642 16598 16673 16659 16683 16693 16673 16708 16693 16651 16694 16657 16701 16733 16758 16697 16775 16697 16804 16711 16764 16731 16757 16865 16813 16785 16850 16829 16860 16810 16815 16853 16820 16891 16901 16840 16857 16869 16910 16946 16889 16974 16918 16910 16942 16928 16993 17036 16964 16962 17004 17050 17057 17058 17021 17063 17095 17047 17074 17069 17079 17086 17106 17105 17172 17133 17165 17174 17169 17238 17178 17252 17199 17185 17172 17231 17216 17206 17263 17273 17310 17258 17266 17314 17351 17343 17330 17301 17328 17347 17310 17346 17369 17381 17373 17372 17387 17354 17386 17361 17417 17475 17459 17457 17408 17427 17430 17491 17520 17480 17427 17503 17480 17442 17481 17521 17482 17442 17553 17565 17512 17535 17554 17555 17523 17567 17535 17586 17524 17549 17578 17528 17621 17631 17599 17566 17558 17626 17627 17664 17670 17576 17632 17673 17640 17715 17668 17691 17674 17667 17663 17703 17695 17682 17657 17746 17721 17733 17683 17790 17792 17707 17745 17758 17794 17783 17788 17758 17841 17834 17854 17872 17833 17926 17927 17900 17848 17943 17927 17864 17910 17935 17940 17873 17953 17930 17905 18016 17932 17988 17972 17979 17957 18054 18068 18033 18077 18085 18087 18039 18064 18092 18114 18105 18164 18152 18161 18167 18165 18147 18255 18169 18239 18267 18179 18233 18200 18268 18254 18262 18265 18277 18247 18268 18293 18292 18266 18331 18329 18279 18326 18351 18352 18342 18384 18332 18422 18356 18408 18381 18357 18350 18366 18380 18410 18421 18493 18471 18455 18486 18429 18519 18525 18516 18507 18516 18481 18531 18514 18508 18527 18485 18526 18509 18595 18554 18543 18515 18575 18573 18577 18565 18603 18572 18603 18556 18554 18589 18631 18683 18649 18670 18660 18645 18689 18701 18685 18731 18732 18728 18741 18697 18749 18723 18726 18757 18750 18802 18781 18735 18758 18799 18746 18780 18783 18826 18841 18827 18825 18783 18828 18790 18827 18867 18853 18906 18880 18860 18893 18881 18863 18942 18882 18890 18891 18987 18912 18917 18960 18961 18963 18925 18910 18919 18948 19033 18947 19069 18979 19017 19053 19058 19000 19004 19042 19064 19012 19055 19057 19022 19052 19055 19064 19146 19125 19118 19156 19146 19128 19166 19135 19114 19185 19120 19185 19151 19204 19212 19166 19162 19201 19171 19221 19212 19216 19220 19232 19226 19200 19251 19270 19247 19251 19271 19363 19309 19332 19368 19386 19359 19400 19394 19402 19401 19347 19380 19415 19381 19456 19429 19405 19477 19457 19418 19539 19527 19501 19512 19510 19543 19523 19483 19583 19517 19485 19507 19610 19506 19593 19577 19588 19544 19589 19611 19600 19569 19630 19656 19583 19620 19638 19597 19656 19642 19606 19651 19635 19685 19624 19680 19629 19633 19642 19716 19781 19709 19748 19787 19710 19755 19819 19813 19801 19854 19877 19848 19840 19883 19895 19824 19840 19863 19945 19934 19923 19935 19903 19912 19905 19966 19960 19919 20005 19950 19952 19991 20034 19939 19944 19988 20003 19948 19955 19988 19971
