以下是一个算法标准输出文件的示例：

0,1,2,3,3,8,11,16
0,5,6,7,1,2,3,4,3,5,11,14,4,8,10,14
0,2,10,11,1,3,4,7,5,6,8,9,3,7,9,15,4,6,11,12,3,6,9,12
0,2,6,9,1,3,7,8,4,5,10,11,12,13,14,15,3,7,11,16,4,6,9,13,3,6,10,14,4,7,10,12
0,2,11,12,1,3,6,7,4,9,10,19,5,16,17,18,8,13,14,15,3,7,11,13,4,6,11,16,3,7,9,14,4,8,10,15,1,7,10,12

1. 编码规则
混合流水车间调度问题需要同时确定操作加工顺序和设备分配，因此采用操作加工顺序和设备选择相结合的两段式编码方式。编码分为两部分：操作序列和机器选择序列(机器编号从0开始)。
2. 示例说明
	该示例为五个作业动态到达的调度方案编码，第n行表示第n个作业到达时的调度方案，反映了当前已到达作业的操作加工顺序和机器编码(机器编号从0开始)。
第一行：
    对应作业1到达后的调度方案。
    0,1,2,3,3,8,11,16 表示作业1的操作加工顺序和机器分派情况。
    前4位 0,1,2,3 为操作加工顺序，后4位 3,8,11,16 为每个操作的分派机器。
第二行及后续行：
    每行对应多个作业到达后的调度方案。
    例如，第二行 0,5,6,7,1,2,3,4,3,5,11,14,4,8,10,14：
    前8位 0,5,6,7,1,2,3,4 表示作业1和作业2的操作加工顺序。
    后8位 3,5,11,14,4,8,10,14 表示作业1和作业2的机器分派情况：
    作业1的操作1分派到编号为3的机器上，操作2分派到编号为5的机器上，操作3分派到编号为11的机器上，操作4分派到编号为14的机器上。
    作业2的操作1分派到编号为4的机器上，操作2分派到编号为8的机器上，操作3分派到编号为10的机器上，操作4分派到编号为14的机器上。
3.重调度检测规则
	如果某行编码相较于上一行发生了操作加工顺序或机器分派变化，则认为相关作业发生了重调度，重调度的范围由参赛者自行确定。
例如：
	第一行作业1的加工顺序为 0,1,2,3。
	第二行作业1的加工顺序变为 0,5,6,7，说明作业1的操作2、3、4参与了重调度。
要求：
      已开始的操作无法参与重调度。
       如果调度方案违反了这一规则，验证程序将输出错误信息。
