15 3 13
5 3 5
24 32 37 48 26 34 26 21 26 46 22 20 24
41 13 29 34 26 29 45 21 43 14 22 31 29
24 19 29 43 22 22 50 22 48 30 18 18 14
46 49 17 12 19 43 36 37 21 33 12 21 48
14 46 17 35 29 14 38 14 30 13 44 14 16
12 38 18 25 44 23 42 19 39 43 11 18 11
31 50 47 11 19 29 50 34 33 11 16 11 33
46 27 31 14 43 10 19 25 46 29 46 47 28
20 33 40 38 32 44 47 50 17 37 32 31 11
38 13 24 46 28 16 36 13 27 44 14 33 49
20 35 42 41 21 48 30 36 17 19 48 11 21
26 11 38 40 45 30 25 41 48 30 50 22 16
28 26 44 41 34 14 13 50 48 23 45 21 33
12 21 37 24 41 47 20 10 43 28 11 37 27
11 15 24 22 23 22 13 25 39 39 22 18 45
1 2 3 4 5 6 7 8 9 10 11 12 13 14 15 16 17 18 19 20 21 22 23 24 25 26 27 28 29 30 31 32 33 34 35 36 37 38 39 40 41 42 43 44 45 46 47 48 49 50 51 52 53 54 55 56 57 58 59 60 61 62 63 64 65 66 67 68 69 70 71 72 73 74 75 76 77 78 79 80 81 82 83 84 85 86 87 88 89 90 91 92 93 94 95 96 97 98 99 100 101 102 103 104 105 106 107 108 109 110 111 112 113 114 115 116 117 118 119 120 121 122 123 124 125 126 127 128 129 130 131 132 133 134 135 136 137 138 139 140 141 142 143 144 145 146 147 148 149 150 151 152 153 154 155 156 157 158 159 160 161 162 163 164 165 166 167 168 169 170 171 172 173 174 175 176 177 178 179 180 181 182 183 184 185 186 187 188 189 190 191 192 193 194 195 196 197 198 199 200 201 202 203 204 205 206 207 208 209 210 211 212 213 214 215 216 217 218 219 220 221 222 223 224 225 226 227 228 229 230 231 232 233 234 235 236 237 238 239 240 241 242 243 244 245 246 247 248 249 250 251 252 253 254 255 256 257 258 259 260 261 262 263 264 265 266 267 268 269 270 271 272 273 274 275 276 277 278 279 280 281 282 283 284 285 286 287 288 289 290 291 292 293 294 295 296 297 298 299 300 301 302 303 304 305 306 307 308 309 310 311 312 313 314 315 316 317 318 319 320 321 322 323 324 325 326 327 328 329 330 331 332 333 334 335 336 337 338 339 340 341 342 343 344 345 346 347 348 349 350 351 352 353 354 355 356 357 358 359 360 361 362 363 364 365 366 367 368 369 370 371 372 373 374 375 376 377 378 379 380 381 382 383 384 385 386 387 388 389 390 391 392 393 394 395 396 397 398 399 400 401 402 403 404 405 406 407 408 409 410 411 412 413 414 415 416 417 418 419 420 421 422 423 424 425 426 427 428 429 430 431 432 433 434 435 436 437 438 439 440 441 442 443 444 445 446 447 448 449 450 451 452 453 454 455 456 457 458 459 460 461 462 463 464 465 466 467 468 469 470 471 472 473 474 475 476 477 478 479 480 481 482 483 484 485 486 487 488 489 490 491 492 493 494 495 496 497 498 499 500 501 502 503 504 505 506 507 508 509 510 511 512 513 514 515 516 517 518 519 520 521 522 523 524 525 526 527 528 529 530 531 532 533 534 535 536 537 538 539 540 541 542 543 544 545 546 547 548 549 550 551 552 553 554 555 556 557 558 559 560 561 562 563 564 565 566 567 568 569 570 571 572 573 574 575 576 577 578 579 580 581 582 583 584 585 586 587 588 589 590 591 592 593 594 595 596 597 598 599 600 601 602 603 604 605 606 607 608 609 610 611 612 613 614 615 616 617 618 619 620 621 622 623 624 625 626 627 628 629 630 631 632 633 634 635 636 637 638 639 640 641 642 643 644 645 646 647 648 649 650 651 652 653 654 655 656 657 658 659 660 661 662 663 664 665 666 667 668 669 670 671 672 673 674 675 676 677 678 679 680 681 682 683 684 685 686 687 688 689 690 691 692 693 694 695 696 697 698 699 700 701 702 703 704 705 706 707 708 709 710 711 712 713 714 715 716 717 718 719 720 721 722 723 724 725 726 727 728 729 730 731 732 733 734 735 736 737 738 739 740 741 742 743 744 745 746 747 748 749 750 751 752 753 754 755 756 757 758 759 760 761 762 763 764 765 766 767 768 769 770 771 772 773 774 775 776 777 778 779 780 781 782 783 784 785 786 787 788 789 790 791 792 793 794 795 796 797 798 799 800 801 802 803 804 805 806 807 808 809 810 811 812 813 814 815 816 817 818 819 820 821 822 823 824 825 826 827 828 829 830 831 832 833 834 835 836 837 838 839 840 841 842 843 844 845 846 847 848 849 850 851 852 853 854 855 856 857 858 859 860 861 862 863 864 865 866 867 868 869 870 871 872 873 874 875 876 877 878 879 880 881 882 883 884 885 886 887 888 889 890 891 892 893 894 895 896 897 898 899 900 901 902 903 904 905 906 907 908 909 910 911 912 913 914 915 916 917 918 919 920 921 922 923 924 925 926 927 928 929 930 931 932 933 934 935 936 937 938 939 940 941 942 943 944 945 946 947 948 949 950 951 952 953 954 955 956 957 958 959 960 961 962 963 964 965 966 967 968 969 970 971 972 973 974 975 976 977 978 979 980 981 982 983 984 985 986 987 988 989 990 991 992 993 994 995 996 997 998 999 1000
12 14 6 1 9 10 2 2 10 10 1 9 14 11 7 14 9 0 4 14 0 3 9 1 8 14 8 11 4 5 1 13 0 8 14 14 10 12 7 8 8 0 3 2 9 4 14 14 9 13 10 7 4 6 7 2 10 6 7 14 2 12 1 14 5 3 8 7 6 9 11 8 13 7 7 10 4 8 0 0 14 9 14 9 9 12 5 12 9 8 12 10 13 11 5 2 12 7 12 9 14 4 8 12 2 3 12 13 13 10 6 5 3 0 4 3 9 3 13 8 4 12 4 2 13 5 12 13 10 11 11 3 10 3 12 4 8 7 3 11 11 6 7 5 12 1 12 3 11 0 10 0 8 12 5 13 4 8 10 6 7 14 11 11 14 3 11 1 3 5 3 5 12 9 6 4 14 1 14 11 1 1 3 5 10 7 4 10 7 6 12 5 10 7 2 0 2 0 2 2 8 13 11 11 2 4 9 7 2 4 3 11 10 6 11 13 5 0 7 7 5 1 0 12 14 14 3 11 11 13 14 1 3 11 10 5 13 3 4 0 4 2 4 9 9 7 0 0 9 8 7 9 5 4 4 2 14 9 14 9 10 9 7 9 14 2 3 8 1 13 3 14 14 6 1 13 11 10 9 5 11 5 13 6 11 11 2 8 13 11 9 6 5 10 9 6 4 1 5 12 7 10 1 0 6 9 6 4 5 9 10 10 1 8 6 10 5 5 9 5 4 10 10 7 10 0 11 6 13 3 11 7 14 11 7 4 14 7 1 13 1 1 14 1 2 6 7 11 9 10 14 9 14 11 8 6 4 13 9 10 2 11 7 8 3 9 14 12 2 2 11 12 0 1 4 12 13 3 12 0 12 6 6 2 6 3 11 12 3 11 11 4 4 5 1 4 12 12 14 4 7 10 14 8 9 14 2 4 12 7 8 0 0 12 9 12 11 7 11 3 5 13 5 9 9 6 13 1 0 4 9 9 14 7 13 5 3 7 0 1 5 12 14 1 4 3 8 0 1 14 7 11 5 4 1 14 9 10 0 0 8 8 2 6 7 3 8 1 12 11 3 10 12 11 0 12 3 14 11 7 7 9 13 3 13 0 1 5 3 0 1 7 9 3 2 4 14 3 7 3 11 14 12 5 0 7 12 9 3 9 6 14 13 6 12 2 7 14 9 14 5 8 3 3 8 11 9 5 12 8 4 6 5 1 5 8 14 14 9 8 0 7 2 4 9 7 14 3 13 14 7 3 14 2 9 7 3 3 6 12 2 6 12 6 4 10 5 12 3 10 5 7 2 1 6 7 3 2 6 4 14 14 4 6 11 6 2 5 11 9 13 10 7 12 8 8 13 0 2 6 3 3 10 1 8 6 9 1 13 8 12 9 11 7 10 2 10 14 7 11 5 8 13 7 6 0 14 10 9 10 4 3 9 10 7 5 4 2 9 9 9 10 12 11 4 10 12 10 13 7 2 14 13 1 9 11 6 1 0 3 10 4 11 9 11 8 8 0 5 8 9 2 10 3 10 12 11 10 11 8 11 11 4 1 11 11 2 11 11 7 7 1 6 7 2 6 9 1 8 6 6 10 1 6 10 3 1 0 8 5 7 6 5 2 3 13 5 11 11 1 9 5 10 6 2 4 8 14 9 5 7 10 14 1 0 8 7 1 9 5 14 5 8 2 10 13 6 9 2 12 3 14 14 11 3 6 2 2 1 6 5 0 2 11 7 1 14 4 5 10 7 5 10 8 4 10 9 6 7 13 11 2 13 4 9 10 5 3 1 14 9 3 9 1 6 11 6 5 0 11 10 10 12 10 14 0 0 9 0 0 8 12 2 8 9 0 9 8 6 4 4 12 9 3 7 5 0 12 6 7 7 13 11 12 13 12 7 3 5 6 10 2 14 13 14 13 5 7 4 14 10 7 9 4 12 12 8 1 11 9 14 13 6 14 1 8 3 11 6 6 9 6 4 0 5 12 0 3 11 14 3 13 2 10 1 8 1 9 14 13 13 10 2 4 7 12 5 3 3 13 12 14 7 0 14 7 11 0 11 1 14 5 13 5 8 12 3 7 12 6 4 14 14 1 2 0 7 11 2 6 13 8 13 13 2 12 0 14 11 7 13 11 7 11 13 6 1 13 12 13 12 10 12 7 11 12 0 1 12 2 13 5 5 3 6 12 12 14 11 8 1 9 13 10 7 4 8 7 5 5 12 13 11 8 4 0 2 11 7 4 5 13 11 8 7 3 5 13 14 10
0 4 6 8 9 13 14 26 27 41 42 44 45 52 53 54 55 62 63 70 72 80 81 82 85 87 88 93 96 106 111 112 116 119 121 122 123 132 136 139 141 149 150 157 158 160 172 178 185 189 196 199 201 217 218 222 224 237 238 246 248 249 253 256 267 283 284 285 290 294 312 313 322 323 324 325 327 328 331 335 343 347 359 361 373 378 381 390 391 395 396 397 403 404 416 422 423 424 444 467 469 477 479 480 486 489 496 499 504 532 536 545 546 548 549 555 557 558 559 568 573 578 583 593 595 598 601 607 613 620 638 640 645 652 674 686 698 699 701 702 720 721 723 732 734 736 742 744 747 752 760 773 774 775 780 784 814 821 839 840 842 850 852 854 861 865 870 871 873 874 878 885 889 894 901 905 921 936 940 955 957 959 968 1003 1006 1011 1016 1018 1027 1032 1033 1034 1047 1056 1061 1078 1084 1103 1106 1107 1121 1124 1127 1130 1131 1137 1153 1165 1167 1168 1171 1174 1192 1222 1223 1225 1227 1229 1241 1245 1250 1251 1260 1264 1276 1277 1287 1306 1311 1312 1321 1324 1332 1334 1341 1342 1352 1353 1362 1365 1369 1389 1394 1402 1407 1421 1424 1437 1439 1445 1450 1482 1489 1493 1508 1516 1518 1520 1526 1540 1544 1545 1548 1555 1605 1612 1618 1624 1626 1630 1638 1642 1678 1680 1684 1685 1686 1688 1690 1691 1694 1702 1708 1709 1718 1721 1722 1724 1729 1734 1740 1754 1766 1773 1779 1780 1785 1790 1797 1808 1822 1824 1832 1834 1837 1842 1843 1856 1860 1861 1868 1885 1890 1893 1895 1899 1917 1926 1935 1948 1949 1953 1972 1988 2005 2016 2021 2027 2028 2031 2032 2045 2047 2049 2064 2068 2070 2076 2081 2082 2088 2101 2108 2112 2121 2129 2131 2151 2152 2156 2162 2188 2203 2223 2243 2264 2266 2267 2268 2277 2281 2283 2285 2325 2326 2327 2329 2331 2335 2338 2340 2349 2352 2355 2362 2365 2366 2378 2382 2385 2387 2390 2391 2392 2410 2411 2415 2417 2421 2422 2445 2450 2466 2473 2474 2477 2478 2481 2482 2484 2488 2495 2498 2516 2533 2534 2535 2536 2538 2556 2562 2566 2568 2570 2571 2572 2585 2587 2592 2600 2601 2605 2608 2618 2619 2620 2638 2639 2640 2642 2649 2667 2675 2680 2691 2692 2709 2720 2723 2726 2729 2732 2736 2742 2755 2756 2759 2762 2763 2764 2767 2775 2782 2790 2794 2798 2800 2812 2838 2840 2845 2849 2851 2866 2877 2878 2888 2895 2901 2918 2932 2935 2940 2946 2949 2952 2955 2965 2967 2968 2970 2971 2997 3003 3005 3012 3030 3040 3043 3047 3055 3056 3064 3066 3071 3082 3085 3100 3105 3135 3144 3145 3153 3154 3163 3165 3170 3178 3179 3180 3182 3189 3208 3209 3241 3242 3247 3248 3249 3284 3294 3301 3302 3303 3322 3323 3326 3330 3337 3364 3368 3374 3383 3385 3387 3394 3396 3440 3448 3452 3473 3474 3483 3493 3495 3496 3506 3507 3508 3509 3515 3523 3531 3538 3551 3561 3565 3568 3583 3592 3595 3621 3624 3629 3630 3631 3640 3642 3650 3663 3664 3669 3677 3680 3685 3690 3693 3694 3701 3716 3719 3733 3734 3749 3750 3751 3756 3778 3779 3780 3795 3798 3799 3806 3808 3822 3837 3838 3843 3847 3858 3862 3873 3895 3902 3907 3914 3949 3955 3957 3958 3967 3968 3991 3994 4013 4016 4024 4041 4042 4045 4054 4058 4062 4073 4077 4078 4079 4080 4090 4107 4111 4114 4130 4147 4156 4159 4164 4165 4166 4172 4174 4177 4183 4187 4188 4190 4192 4198 4199 4200 4206 4209 4217 4218 4219 4230 4248 4255 4256 4262 4264 4265 4266 4270 4279 4285 4286 4287 4288 4300 4301 4306 4313 4318 4328 4332 4342 4355 4368 4370 4374 4399 4404 4405 4412 4420 4421 4435 4442 4443 4449 4454 4456 4460 4461 4468 4469 4470 4479 4480 4482 4495 4500 4502 4507 4509 4511 4519 4520 4523 4529 4530 4531 4542 4556 4561 4606 4622 4624 4625 4627 4637 4645 4647 4650 4660 4662 4664 4670 4673 4684 4695 4701 4703 4704 4709 4712 4713 4721 4722 4736 4750 4751 4763 4771 4783 4787 4795 4816 4817 4832 4833 4844 4871 4873 4884 4888 4909 4931 4934 4944 4948 4949 4957 4976 4993 4996 5022 5026 5032 5033 5043 5047 5052 5058 5063 5071 5075 5085 5088 5109 5110 5116 5124 5131 5132 5137 5138 5139 5140 5141 5142 5143 5144 5162 5164 5169 5180 5199 5216 5221 5224 5225 5242 5247 5259 5273 5274 5290 5301 5302 5304 5334 5352 5354 5368 5372 5374 5376 5385 5386 5409 5421 5422 5427 5432 5448 5449 5450 5467 5477 5480 5482 5487 5498 5499 5509 5529 5562 5574 5575 5586 5587 5590 5595 5611 5613 5622 5631 5635 5639 5643 5649 5655 5670 5673 5679 5680 5683 5686 5687 5705 5708 5710 5732 5739 5753 5766 5767 5768 5771 5796 5803 5806 5807 5809 5833 5856 5858 5859 5863 5888 5891 5892 5893 5894 5896 5904 5917 5922 5923 5924 5930 5935 5941 5943 5953 5955 5959 5971 5974 5990 5991 5995 6013 6032 6039 6062 6066 6067 6071 6080 6081 6086 6087 6092 6101 6116 6121 6132 6137 6138 6147 6156 6157 6181 6186 6193 6194 6195 6201 6216 6225 6229 6247 6249 6253 6254 6258 6275 6279 6284 6288 6289 6293 6299 6301 6305 6306 6315 6316 6317 6324 6325 6330 6331 6333 6343 6348 6355 6356 6367 6368 6382 6386 6398 6404 6405 6406 6413 6414 6427 6428 6458 6460 6464 6470 6478 6479 6481 6486 6501 6504 6507 6524 6533 6544 6549 6553 6557 6559 6560 6562 6573 6584 6585 6586 6588 6591
188 147 186 184 178 199 182 194 213 227 218 213 188 246 231 197 224 238 210 213 248 268 250 258 295 230 298 287 243 265 287 275 292 329 264 265 309 320 314 349 351 325 338 325 327 307 315 321 354 352 382 377 348 397 396 390 410 417 416 389 416 437 429 399 426 471 494 463 470 463 506 523 485 501 502 511 474 538 507 511 486 516 502 530 542 566 540 578 560 605 584 583 566 598 575 590 611 602 632 636 612 624 689 668 654 677 684 662 667 718 716 704 734 724 696 743 726 746 722 778 720 766 730 761 758 757 789 770 799 814 832 828 831 840 862 833 908 877 889 896 914 901 901 891 922 912 930 932 941 928 946 949 984 963 939 947 961 1031 1025 1020 1020 993 1046 1048 1004 1053 1064 1047 1061 1033 1066 1044 1077 1063 1081 1052 1064 1112 1083 1149 1133 1135 1156 1162 1192 1189 1163 1204 1205 1212 1221 1193 1233 1234 1229 1254 1252 1279 1274 1275 1331 1287 1321 1324 1299 1284 1322 1343 1335 1315 1359 1368 1378 1402 1417 1388 1386 1405 1419 1423 1409 1427 1436 1452 1419 1420 1475 1500 1505 1475 1464 1500 1520 1528 1527 1501 1515 1541 1509 1541 1516 1557 1541 1571 1576 1599 1600 1613 1608 1655 1628 1651 1648 1640 1655 1684 1661 1689 1669 1709 1730 1714 1726 1724 1748 1780 1806 1834 1802 1793 1826 1785 1821 1860 1860 1848 1880 1874 1859 1850 1888 1861 1871 1889 1912 1915 1890 1934 1892 1928 1909 1934 1925 1959 1948 1960 1932 1966 1956 1996 2000 2010 2008 2010 2017 2011 2023 2003 2019 2030 2054 2071 2066 2103 2075 2085 2076 2085 2104 2107 2096 2139 2158 2166 2191 2192 2215 2207 2191 2219 2226 2223 2190 2243 2242 2215 2213 2254 2257 2245 2264 2277 2251 2288 2289 2309 2309 2345 2321 2342 2305 2357 2346 2417 2453 2444 2413 2430 2437 2463 2449 2477 2463 2535 2514 2496 2472 2519 2503 2506 2534 2537 2528 2531 2509 2553 2529 2566 2570 2561 2575 2570 2571 2560 2590 2599 2609 2605 2609 2616 2639 2597 2613 2632 2650 2624 2666 2669 2625 2631 2666 2681 2641 2726 2702 2677 2703 2683 2726 2734 2772 2742 2744 2758 2740 2760 2779 2765 2786 2788 2760 2768 2767 2787 2788 2800 2801 2815 2816 2789 2818 2836 2818 2858 2854 2851 2897 2898 2899 2902 2888 2920 2879 2918 2902 2944 2969 2938 2939 2907 2945 2969 2941 2937 2970 2941 2969 2998 3014 3016 3055 3059 3019 3046 3055 3066 3098 3071 3089 3112 3120 3121 3128 3140 3125 3140 3143 3108 3161 3146 3148 3140 3160 3191 3168 3188 3206 3199 3231 3223 3231 3234 3233 3254 3239 3229 3228 3288 3283 3323 3338 3288 3341 3313 3339 3343 3358 3347 3367 3349 3362 3332 3371 3389 3429 3410 3425 3391 3418 3427 3453 3511 3490 3491 3532 3517 3495 3489 3525 3574 3515 3554 3542 3561 3546 3604 3539 3583 3617 3662 3649 3652 3651 3640 3664 3674 3649 3695 3671 3652 3693 3711 3674 3706 3720 3739 3753 3756 3763 3780 3763 3801 3812 3809 3777 3817 3799 3830 3838 3849 3823 3847 3845 3856 3865 3868 3881 3862 3881 3863 3862 3876 3881 3929 3944 3931 3924 3937 3973 3949 3958 3984 3977 3994 4018 4032 4000 4014 4011 4027 4046 4050 4059 4071 4112 4087 4083 4125 4118 4167 4146 4136 4162 4169 4180 4181 4202 4167 4219 4236 4204 4264 4221 4240 4253 4253 4221 4265 4249 4276 4254 4299 4283 4316 4325 4315 4306 4332 4334 4335 4341 4360 4365 4377 4334 4374 4378 4378 4361 4377 4368 4349 4372 4393 4387 4413 4410 4424 4431 4444 4448 4411 4459 4435 4464 4489 4495 4462 4446 4498 4469 4469 4492 4501 4504 4516 4526 4528 4549 4578 4564 4568 4546 4580 4599 4606 4588 4615 4629 4620 4621 4625 4634 4634 4628 4641 4637 4645 4680 4659 4660 4668 4671 4680 4688 4695 4685 4687 4729 4679 4701 4709 4689 4699 4730 4719 4720 4800 4816 4800 4794 4786 4823 4825 4815 4797 4870 4805 4833 4829 4851 4870 4838 4877 4879 4914 4887 4888 4882 4880 4865 4895 4960 4919 4949 4934 4963 4956 4963 5004 5005 4975 4976 5038 5059 5053 5052 5056 5085 5111 5093 5120 5116 5143 5135 5152 5136 5143 5181 5212 5210 5192 5229 5257 5199 5244 5232 5251 5253 5248 5282 5277 5273 5263 5293 5317 5291 5325 5314 5282 5309 5329 5311 5319 5324 5356 5344 5328 5356 5393 5402 5407 5412 5411 5385 5423 5435 5442 5450 5466 5511 5490 5472 5544 5521 5530 5537 5582 5554 5523 5532 5574 5578 5609 5600 5586 5608 5636 5629 5628 5645 5640 5674 5670 5650 5686 5677 5697 5688 5742 5760 5743 5729 5750 5733 5758 5770 5791 5769 5774 5821 5817 5812 5796 5843 5858 5883 5855 5874 5852 5829 5850 5885 5851 5886 5942 5927 5947 5946 5947 5937 5951 5943 5979 5965 5995 5985 6021 6050 6001 6047 6026 6056 6077 6068 6103 6070 6065 6047 6080 6085 6109 6092 6077 6113 6129 6102 6141 6143 6122 6159 6117 6168 6167 6138 6191 6226 6215 6256 6242 6210 6230 6243 6240 6296 6275 6280 6279 6304 6301 6279 6280 6281 6323 6324 6333 6359 6380 6361 6374 6358 6411 6379 6388 6397 6435 6425 6396 6448 6436 6438 6473 6462 6482 6452 6473 6475 6464 6493 6469 6503 6502 6505 6502 6519 6518 6507 6509 6531 6516 6518 6515 6526 6556 6562 6574 6586 6547 6599 6616 6589 6583 6590 6614 6636 6607 6674 6648 6637 6638 6669 6649 6695 6714 6654 6700 6701 6738 6727 6700 6716 6722 6754 6772 6751 6772 6744 6749 6731 6777
