15 3 10
3 3 4
24 31 42 38 24 24 17 33 26 30
35 33 30 43 31 20 14 15 35 39
46 13 39 15 41 25 48 38 18 11
15 44 38 46 38 23 11 42 47 47
42 23 37 21 33 46 41 49 28 21
11 12 39 26 16 30 14 25 16 44
44 47 36 40 45 18 18 28 41 49
34 34 23 24 50 31 36 40 20 12
14 40 48 21 12 22 25 20 20 28
35 38 26 25 17 11 11 31 45 18
35 21 35 19 42 19 36 45 31 23
13 18 27 33 31 32 15 45 14 40
22 31 48 38 49 42 20 50 34 24
49 13 18 40 47 29 45 17 26 45
33 47 39 24 11 36 45 46 44 48
1 2 3 4 5 6 7 8 9 10 11 12 13 14 15 16 17 18 19 20 21 22 23 24 25 26 27 28 29 30 31 32 33 34 35 36 37 38 39 40 41 42 43 44 45 46 47 48 49 50 51 52 53 54 55 56 57 58 59 60 61 62 63 64 65 66 67 68 69 70 71 72 73 74 75 76 77 78 79 80 81 82 83 84 85 86 87 88 89 90 91 92 93 94 95 96 97 98 99 100 101 102 103 104 105 106 107 108 109 110 111 112 113 114 115 116 117 118 119 120 121 122 123 124 125 126 127 128 129 130 131 132 133 134 135 136 137 138 139 140 141 142 143 144 145 146 147 148 149 150 151 152 153 154 155 156 157 158 159 160 161 162 163 164 165 166 167 168 169 170 171 172 173 174 175 176 177 178 179 180 181 182 183 184 185 186 187 188 189 190 191 192 193 194 195 196 197 198 199 200 201 202 203 204 205 206 207 208 209 210 211 212 213 214 215 216 217 218 219 220 221 222 223 224 225 226 227 228 229 230 231 232 233 234 235 236 237 238 239 240 241 242 243 244 245 246 247 248 249 250 251 252 253 254 255 256 257 258 259 260 261 262 263 264 265 266 267 268 269 270 271 272 273 274 275 276 277 278 279 280 281 282 283 284 285 286 287 288 289 290 291 292 293 294 295 296 297 298 299 300 301 302 303 304 305 306 307 308 309 310 311 312 313 314 315 316 317 318 319 320 321 322 323 324 325 326 327 328 329 330 331 332 333 334 335 336 337 338 339 340 341 342 343 344 345 346 347 348 349 350 351 352 353 354 355 356 357 358 359 360 361 362 363 364 365 366 367 368 369 370 371 372 373 374 375 376 377 378 379 380 381 382 383 384 385 386 387 388 389 390 391 392 393 394 395 396 397 398 399 400 401 402 403 404 405 406 407 408 409 410 411 412 413 414 415 416 417 418 419 420 421 422 423 424 425 426 427 428 429 430 431 432 433 434 435 436 437 438 439 440 441 442 443 444 445 446 447 448 449 450 451 452 453 454 455 456 457 458 459 460 461 462 463 464 465 466 467 468 469 470 471 472 473 474 475 476 477 478 479 480 481 482 483 484 485 486 487 488 489 490 491 492 493 494 495 496 497 498 499 500 501 502 503 504 505 506 507 508 509 510 511 512 513 514 515 516 517 518 519 520 521 522 523 524 525 526 527 528 529 530 531 532 533 534 535 536 537 538 539 540 541 542 543 544 545 546 547 548 549 550 551 552 553 554 555 556 557 558 559 560 561 562 563 564 565 566 567 568 569 570 571 572 573 574 575 576 577 578 579 580 581 582 583 584 585 586 587 588 589 590 591 592 593 594 595 596 597 598 599 600 601 602 603 604 605 606 607 608 609 610 611 612 613 614 615 616 617 618 619 620 621 622 623 624 625 626 627 628 629 630 631 632 633 634 635 636 637 638 639 640 641 642 643 644 645 646 647 648 649 650 651 652 653 654 655 656 657 658 659 660 661 662 663 664 665 666 667 668 669 670 671 672 673 674 675 676 677 678 679 680 681 682 683 684 685 686 687 688 689 690 691 692 693 694 695 696 697 698 699 700 701 702 703 704 705 706 707 708 709 710 711 712 713 714 715 716 717 718 719 720 721 722 723 724 725 726 727 728 729 730 731 732 733 734 735 736 737 738 739 740 741 742 743 744 745 746 747 748 749 750 751 752 753 754 755 756 757 758 759 760 761 762 763 764 765 766 767 768 769 770 771 772 773 774 775 776 777 778 779 780 781 782 783 784 785 786 787 788 789 790 791 792 793 794 795 796 797 798 799 800 801 802 803 804 805 806 807 808 809 810 811 812 813 814 815 816 817 818 819 820 821 822 823 824 825 826 827 828 829 830 831 832 833 834 835 836 837 838 839 840 841 842 843 844 845 846 847 848 849 850 851 852 853 854 855 856 857 858 859 860 861 862 863 864 865 866 867 868 869 870 871 872 873 874 875 876 877 878 879 880 881 882 883 884 885 886 887 888 889 890 891 892 893 894 895 896 897 898 899 900 901 902 903 904 905 906 907 908 909 910 911 912 913 914 915 916 917 918 919 920 921 922 923 924 925 926 927 928 929 930 931 932 933 934 935 936 937 938 939 940 941 942 943 944 945 946 947 948 949 950 951 952 953 954 955 956 957 958 959 960 961 962 963 964 965 966 967 968 969 970 971 972 973 974 975 976 977 978 979 980 981 982 983 984 985 986 987 988 989 990 991 992 993 994 995 996 997 998 999 1000
9 10 11 7 11 2 10 8 3 2 9 0 13 12 2 1 10 8 1 13 5 0 3 0 10 9 7 3 10 9 10 13 1 13 12 2 4 3 14 1 6 13 9 10 6 12 12 3 0 2 6 12 11 3 4 9 6 3 13 9 10 14 2 9 11 9 9 9 0 7 13 13 7 6 13 12 13 4 14 13 14 5 1 1 6 0 3 7 10 2 10 11 14 8 8 5 1 5 11 5 11 3 11 4 11 14 10 4 14 10 2 14 1 10 0 7 5 11 2 13 7 13 3 12 0 12 13 13 8 2 12 1 6 2 13 5 5 1 2 4 10 1 6 11 6 10 5 6 2 7 4 13 9 13 5 0 7 3 0 11 14 2 13 11 10 1 9 11 10 3 3 14 1 6 11 12 4 4 14 14 7 12 13 6 13 4 7 8 6 14 12 1 9 2 1 5 12 9 1 5 10 9 6 1 11 7 3 0 2 8 12 9 3 6 0 7 10 0 4 14 6 4 12 2 7 12 12 8 2 4 13 2 4 9 9 4 14 1 6 0 8 8 6 11 0 6 6 4 6 3 9 11 2 5 14 14 6 11 13 3 7 10 2 9 2 11 7 7 3 14 3 3 10 6 1 3 9 14 4 14 0 11 6 1 2 6 0 3 11 12 7 14 3 3 14 10 7 14 0 4 6 14 4 2 3 4 2 6 0 1 10 10 0 7 2 12 5 11 1 0 8 7 7 7 7 5 3 9 2 5 4 10 7 6 6 11 5 13 0 14 6 5 11 12 11 12 5 3 2 9 7 11 13 2 1 12 0 2 1 10 5 5 12 0 5 5 4 0 13 3 13 14 7 6 8 12 2 14 12 13 6 0 2 5 3 13 10 5 10 14 2 7 14 14 2 6 13 13 13 10 5 14 7 11 10 13 11 7 14 10 3 13 2 1 11 6 7 4 10 0 5 14 1 6 14 12 9 4 6 3 0 1 6 13 7 1 14 10 4 2 3 7 13 10 4 2 7 8 12 14 5 7 6 6 6 13 6 7 7 11 2 6 2 6 2 5 7 6 8 1 0 6 8 9 7 0 9 10 12 0 6 9 12 2 1 9 13 7 12 3 14 14 9 9 9 11 14 13 3 1 9 7 7 10 5 5 2 3 11 11 6 9 1 13 5 9 4 12 14 14 2 8 10 12 2 4 12 6 6 9 8 7 2 8 3 3 0 2 2 8 8 11 1 5 2 8 13 8 0 6 1 3 6 1 2 3 0 5 13 12 2 7 1 1 12 2 9 14 4 11 5 14 10 4 13 1 12 5 10 6 6 6 6 5 5 9 8 12 2 6 1 10 9 10 1 11 12 7 0 8 13 12 13 7 1 7 3 10 14 6 13 6 2 2 8 3 1 12 0 4 11 6 7 4 12 1 4 13 2 7 8 13 5 10 5 0 9 12 10 10 7 2 12 5 3 0 11 5 10 1 7 11 12 10 14 7 12 1 14 5 7 2 9 6 5 4 10 5 13 1 13 0 8 4 5 12 5 9 3 3 11 13 6 13 5 0 7 0 13 11 7 11 3 11 7 1 2 14 14 1 10 7 8 14 2 10 1 3 12 7 10 2 8 3 11 6 8 0 8 1 9 11 8 4 8 6 5 11 6 3 9 8 5 1 8 0 4 6 11 0 13 14 3 14 11 7 5 5 12 10 12 9 8 4 6 7 3 11 13 0 12 2 11 13 11 11 2 14 6 13 14 10 9 7 13 11 5 8 8 10 14 11 14 3 6 12 1 7 10 14 11 2 1 12 4 10 14 5 4 3 6 7 8 5 3 9 1 8 12 11 9 10 6 12 13 1 13 13 14 11 14 8 8 10 7 0 14 14 9 8 3 5 0 11 10 10 0 3 11 12 8 5 6 2 8 14 13 2 3 2 14 9 4 10 14 14 9 0 12 12 5 9 2 14 5 8 12 11 3 1 10 10 0 14 11 12 9 14 7 10 11 8 10 3 0 8 2 8 5 3 7 0 9 6 6 4 14 11 3 1 7 3 11 14 1 2 2 3 9 0 9 8 7 3 14 7 1 10 3 14 9 10 14 4 0 8 1 3 9 2 14 14 7 10 1 1 0 13 2 13 5 9 13 10 9 0 13 2 13 7 9 9 4 9 10 9 0 9 13 8 2 14 13 8 13 5 0 2 8 13 13 13 9 7 3 4 12 2 7 12 6 14 6 4 7 0 1 11 5 4 5 13 8 1 1 7 2 5 2 9
2 11 12 18 26 37 40 41 46 48 50 52 56 67 77 85 107 109 111 122 123 129 130 132 141 142 156 169 170 189 192 196 210 214 218 227 229 245 254 255 256 259 282 308 309 315 318 329 330 338 339 342 343 354 359 364 383 384 385 388 403 413 420 421 423 424 425 436 438 449 468 470 475 487 493 497 507 508 522 524 525 527 532 535 579 594 598 614 633 645 647 655 656 661 673 676 681 691 706 707 724 726 727 732 733 736 748 751 765 766 767 768 769 772 779 794 798 801 811 813 820 833 849 857 861 880 881 901 907 909 914 938 943 959 962 971 973 979 991 998 1002 1010 1028 1029 1034 1045 1046 1056 1062 1065 1071 1072 1073 1077 1095 1097 1100 1101 1103 1107 1117 1118 1128 1129 1131 1144 1145 1147 1149 1174 1177 1183 1188 1194 1233 1234 1236 1252 1253 1258 1264 1271 1293 1298 1299 1322 1338 1340 1345 1349 1350 1356 1362 1365 1368 1400 1406 1412 1419 1422 1436 1441 1449 1456 1462 1478 1479 1483 1494 1496 1499 1512 1526 1529 1533 1537 1555 1556 1558 1576 1577 1582 1583 1584 1589 1591 1596 1610 1619 1624 1634 1635 1639 1640 1643 1645 1654 1656 1664 1669 1671 1687 1698 1707 1710 1711 1712 1715 1719 1720 1721 1725 1734 1735 1738 1739 1746 1748 1749 1751 1761 1768 1772 1774 1791 1793 1794 1804 1807 1814 1815 1818 1837 1838 1840 1857 1858 1867 1870 1872 1874 1881 1882 1909 1910 1913 1914 1916 1920 1931 1949 1960 1979 1980 1990 1995 1996 1999 2016 2027 2029 2033 2034 2037 2041 2045 2047 2048 2058 2059 2060 2061 2068 2081 2090 2096 2097 2098 2102 2106 2139 2143 2144 2147 2148 2156 2162 2168 2173 2174 2177 2195 2197 2202 2203 2211 2212 2222 2232 2234 2242 2246 2250 2270 2284 2296 2297 2307 2315 2316 2317 2323 2325 2330 2331 2340 2353 2361 2364 2374 2375 2386 2389 2393 2406 2409 2416 2432 2446 2451 2468 2469 2476 2488 2496 2497 2499 2511 2527 2543 2552 2567 2572 2575 2576 2583 2584 2596 2607 2621 2632 2635 2637 2643 2652 2654 2659 2663 2672 2673 2674 2694 2701 2703 2712 2713 2719 2727 2728 2738 2739 2740 2741 2742 2760 2767 2774 2783 2786 2806 2812 2839 2846 2849 2854 2858 2859 2869 2879 2901 2912 2913 2918 2922 2924 2925 2941 2942 2943 2954 2966 2970 2993 3013 3017 3019 3020 3023 3030 3036 3039 3047 3048 3049 3056 3064 3076 3081 3091 3108 3113 3114 3115 3118 3120 3121 3126 3129 3134 3138 3141 3147 3148 3160 3162 3163 3169 3176 3177 3178 3179 3186 3193 3201 3212 3213 3214 3222 3229 3242 3246 3250 3251 3263 3265 3312 3314 3327 3329 3333 3335 3336 3339 3341 3344 3380 3386 3402 3415 3416 3417 3420 3425 3435 3442 3444 3445 3447 3450 3461 3464 3472 3473 3480 3494 3496 3507 3516 3533 3541 3544 3560 3577 3586 3589 3592 3605 3612 3622 3627 3628 3633 3634 3636 3650 3662 3667 3672 3673 3674 3675 3678 3679 3690 3691 3696 3703 3738 3748 3751 3757 3786 3787 3789 3792 3794 3821 3827 3849 3854 3862 3871 3872 3873 3874 3875 3884 3897 3903 3909 3911 3913 3914 3915 3920 3933 3934 3935 3946 3970 3987 3995 3996 3998 3999 4009 4026 4027 4028 4033 4036 4060 4061 4068 4073 4084 4086 4101 4116 4118 4124 4140 4161 4177 4193 4201 4202 4211 4220 4221 4224 4228 4229 4232 4251 4252 4253 4258 4259 4260 4263 4271 4277 4278 4281 4298 4300 4301 4302 4307 4314 4329 4331 4332 4337 4341 4342 4347 4351 4352 4370 4385 4388 4389 4390 4404 4405 4417 4424 4433 4437 4438 4453 4457 4460 4466 4469 4492 4504 4506 4511 4523 4530 4532 4535 4541 4542 4543 4544 4545 4555 4569 4570 4580 4593 4596 4597 4601 4608 4609 4611 4631 4649 4655 4687 4691 4694 4695 4708 4718 4723 4739 4749 4750 4782 4784 4799 4800 4801 4806 4809 4815 4816 4817 4822 4823 4832 4844 4845 4852 4860 4877 4880 4889 4892 4903 4914 4925 4931 4939 4947 4963 4969 4971 4984 4993 4995 5007 5008 5009 5012 5024 5027 5031 5032 5035 5041 5045 5055 5067 5070 5098 5099 5113 5123 5131 5133 5134 5135 5138 5139 5171 5188 5191 5202 5216 5219 5220 5229 5233 5234 5235 5259 5261 5267 5271 5273 5283 5286 5289 5290 5302 5321 5324 5327 5341 5345 5352 5363 5371 5393 5396 5419 5420 5426 5439 5445 5457 5459 5481 5497 5508 5518 5519 5520 5544 5549 5553 5572 5579 5588 5594 5600 5618 5625 5637 5647 5657 5658 5661 5666 5669 5680 5681 5702 5703 5709 5711 5722 5732 5739 5741 5743 5744 5749 5757 5771 5773 5779 5784 5793 5796 5805 5808 5811 5813 5829 5832 5837 5838 5861 5864 5871 5888 5889 5894 5905 5914 5927 5929 5930 5933 5939 5951 5955 5962 5971 5985 5986 5987 5990 5992 6007 6010 6019 6025 6026 6041 6042 6060 6074 6094 6097 6100 6115 6122 6131 6142 6143 6152 6153 6157 6158 6170 6184 6187 6202 6205 6209 6213 6217 6219 6235 6237 6261 6263 6264 6274 6277 6279 6300 6308 6315 6322 6327 6335 6342 6345 6349 6358 6362 6368 6372 6378 6383 6389 6390 6400 6406 6409 6410 6423 6426 6438 6440 6441 6443 6458 6470 6477 6479 6484 6508 6514 6516 6521 6530 6531 6547 6554 6557 6562 6563 6569 6600 6603 6604 6606 6628 6634 6640 6644 6655 6660 6663 6666 6678 6680 6681 6682 6684 6685 6700 6704 6738 6749 6750 6754 6757 6765 6771 6774 6775 6781 6784 6785 6791 6793 6803 6814 6818 6826 6832 6833 6834 6836 6849 6853 6858 6863
155 192 171 202 185 213 221 192 255 224 203 227 253 284 253 264 288 260 290 319 261 304 339 307 322 295 340 378 351 342 373 393 389 411 435 403 433 454 472 434 477 456 435 489 530 532 535 538 505 514 560 559 502 563 563 517 604 593 582 541 584 631 596 574 582 577 578 589 613 633 665 667 659 708 690 714 704 712 740 721 743 665 711 714 800 769 807 798 814 821 828 814 874 812 824 814 860 829 865 845 883 935 886 936 892 954 929 955 983 947 943 986 948 953 954 978 936 960 987 1010 1004 1030 1058 1074 1036 1097 1078 1098 1058 1085 1131 1117 1164 1135 1159 1109 1111 1158 1167 1202 1183 1189 1249 1188 1255 1226 1184 1277 1238 1249 1275 1269 1226 1274 1233 1272 1284 1310 1278 1266 1335 1294 1325 1288 1312 1323 1298 1306 1330 1383 1386 1401 1367 1415 1392 1451 1440 1456 1471 1476 1448 1488 1490 1519 1496 1526 1522 1491 1566 1567 1567 1535 1515 1541 1547 1538 1623 1565 1598 1560 1617 1594 1670 1635 1621 1662 1688 1658 1670 1647 1716 1665 1735 1750 1708 1721 1736 1731 1762 1794 1798 1786 1800 1760 1773 1808 1813 1761 1795 1828 1831 1811 1843 1793 1796 1849 1872 1835 1885 1844 1822 1838 1919 1866 1885 1932 1933 1919 1940 1929 1874 1884 1910 1873 1956 1957 1967 1907 1946 1960 1945 1949 1948 1927 1967 1952 1978 1988 2016 2032 2024 2027 2018 2059 2019 2066 2011 2085 2074 2090 2049 2040 2103 2088 2086 2134 2089 2125 2079 2148 2133 2178 2188 2189 2208 2176 2180 2217 2191 2231 2250 2251 2238 2213 2250 2249 2223 2269 2233 2238 2241 2242 2243 2265 2266 2313 2235 2257 2281 2281 2290 2327 2328 2331 2332 2294 2371 2321 2349 2312 2381 2376 2381 2423 2424 2370 2350 2419 2407 2452 2463 2384 2409 2487 2443 2513 2435 2516 2491 2469 2501 2482 2522 2506 2510 2557 2528 2537 2543 2555 2513 2524 2606 2568 2544 2547 2620 2607 2643 2660 2665 2687 2660 2709 2647 2714 2675 2729 2744 2740 2773 2742 2748 2713 2785 2780 2765 2734 2788 2839 2808 2819 2855 2861 2828 2875 2856 2860 2869 2854 2812 2912 2885 2862 2893 2910 2878 2911 2946 2919 2948 2937 2917 2921 2919 2988 2958 2987 2967 2981 2950 3057 3025 3070 3072 3075 3012 3073 3100 3110 3087 3092 3139 3119 3108 3104 3159 3123 3147 3130 3175 3154 3190 3194 3221 3195 3204 3174 3247 3254 3177 3231 3269 3270 3277 3261 3297 3265 3275 3267 3289 3335 3291 3339 3296 3259 3310 3350 3285 3317 3316 3368 3299 3313 3346 3338 3322 3357 3394 3353 3400 3339 3410 3377 3391 3366 3411 3406 3446 3451 3464 3468 3404 3416 3418 3471 3532 3524 3538 3512 3488 3520 3523 3522 3482 3518 3562 3611 3574 3575 3638 3573 3604 3632 3580 3597 3649 3664 3668 3679 3640 3623 3654 3697 3670 3700 3724 3737 3754 3694 3695 3744 3753 3737 3798 3801 3780 3788 3798 3778 3779 3792 3813 3774 3826 3813 3864 3823 3848 3895 3854 3887 3900 3869 3867 3905 3878 3876 3945 3968 3933 3970 3966 3968 4009 3970 3974 4045 4053 4013 4000 4089 4053 4077 4071 4054 4101 4035 4084 4130 4132 4134 4135 4053 4058 4086 4085 4152 4122 4191 4166 4176 4149 4179 4178 4168 4243 4211 4203 4184 4233 4277 4258 4252 4252 4268 4295 4282 4334 4339 4321 4361 4337 4353 4344 4410 4381 4428 4395 4425 4383 4449 4413 4436 4468 4431 4457 4455 4435 4444 4414 4468 4415 4459 4419 4473 4453 4518 4483 4488 4498 4505 4548 4470 4546 4516 4501 4485 4532 4531 4554 4544 4605 4570 4608 4588 4622 4596 4642 4571 4621 4614 4606 4678 4598 4670 4650 4630 4701 4685 4708 4698 4681 4736 4673 4758 4680 4696 4753 4754 4714 4766 4791 4777 4731 4771 4781 4776 4805 4768 4795 4790 4858 4814 4871 4870 4870 4913 4926 4897 4904 4923 4900 4968 4958 4965 4978 5009 5018 4990 4990 4991 4967 5026 4981 5044 4983 5019 4996 5031 5013 5036 5031 5093 5043 5124 5052 5084 5152 5148 5100 5114 5107 5150 5135 5168 5199 5228 5167 5184 5209 5242 5236 5249 5191 5219 5179 5183 5272 5248 5287 5251 5250 5317 5344 5315 5342 5293 5332 5313 5356 5347 5347 5388 5361 5375 5395 5438 5450 5430 5452 5416 5412 5445 5464 5430 5411 5434 5437 5470 5508 5461 5539 5533 5548 5558 5524 5536 5544 5589 5552 5572 5598 5637 5630 5620 5663 5595 5663 5690 5718 5692 5669 5657 5729 5697 5728 5704 5789 5738 5741 5775 5821 5835 5822 5816 5844 5854 5876 5820 5884 5820 5831 5862 5886 5878 5927 5929 5875 5883 5948 5879 5918 5903 5930 5938 5946 5982 5938 6001 5944 5934 6026 5984 5962 6031 6026 6008 6046 6014 6079 6017 6075 6069 6107 6112 6058 6089 6144 6146 6068 6086 6115 6169 6093 6113 6188 6144 6195 6166 6171 6173 6182 6228 6178 6242 6179 6259 6226 6241 6233 6245 6278 6309 6290 6273 6307 6293 6281 6361 6337 6332 6311 6391 6405 6391 6420 6364 6418 6392 6401 6428 6394 6455 6440 6439 6440 6483 6430 6454 6453 6459 6499 6531 6545 6519 6521 6526 6558 6576 6515 6549 6590 6582 6558 6540 6569 6609 6559 6585 6628 6641 6610 6619 6619 6620 6618 6655 6646 6674 6617 6637 6705 6695 6669 6696 6727 6707 6744 6738 6710 6715 6767 6722 6781 6756 6779 6759 6825 6785 6816 6862 6852 6811 6860 6804 6853 6856 6832 6879 6881 6882 6853 6888 6947 6953 6967 6930 6941 6982 6992 6992 6996 6985 6968 6960 6970 6952 6941 7018 6956 7023 6983 7012 7013 7020 7025 6991 7034 7016
