15 4 17
5 4 3 5
23 26 25 35 12 20 12 50 26 34 21 48 18 32 10 45 48
22 48 20 12 43 12 24 39 45 48 47 13 27 46 32 36 23
11 43 34 36 11 30 13 10 33 33 39 34 16 13 14 50 22
36 29 15 11 22 18 18 41 12 40 47 19 18 44 23 49 29
25 19 39 20 37 28 24 25 40 31 37 34 29 29 15 22 43
15 16 41 33 48 47 13 33 24 23 44 37 30 13 45 28 17
27 42 37 18 39 34 37 18 46 27 44 27 30 40 15 19 15
41 14 46 36 27 42 12 34 23 18 47 14 21 46 45 30 33
34 29 36 39 17 20 24 46 28 11 50 19 42 43 10 27 45
23 41 37 45 29 40 38 35 34 21 19 41 43 18 42 48 46
27 40 21 41 29 23 11 16 21 36 40 44 27 33 31 10 11
21 36 49 40 39 32 38 22 12 26 39 33 22 36 29 41 50
12 46 21 43 31 11 16 13 13 49 49 50 19 29 31 22 44
14 48 44 16 15 17 30 46 27 46 21 43 46 23 46 23 50
22 40 37 49 23 27 24 38 25 12 27 39 27 24 35 30 43
1 2 3 4 5 6 7 8 9 10 11 12 13 14 15 16 17 18 19 20 21 22 23 24 25 26 27 28 29 30
13 13 13 9 8 10 2 0 9 9 2 2 13 6 8 5 0 8 0 3 6 10 12 14 1 13 6 1 12 14
49 50 63 75 80 92 147 152 153 162 163 170 171 172 196 210 251 285 308 313 315 317 321 346 399 413 424 433 443 445
246 247 260 282 260 259 307 326 360 369 323 330 368 356 376 391 425 465 482 482 499 484 504 526 590 610 608 624 626 625