20 4 20
5 5 5 5
43 43 31 21 39 35 18 23 15 35 19 15 40 30 33 46 18 35 28 35
14 29 41 33 25 12 16 32 35 36 23 20 44 19 33 27 44 32 39 25
39 20 50 21 14 33 32 11 30 21 47 24 43 48 14 12 17 50 30 22
26 17 47 10 32 30 19 45 38 35 35 35 22 11 28 16 35 38 18 29
49 18 15 37 34 43 13 22 42 50 25 18 17 19 42 28 46 16 43 40
34 47 31 43 33 45 34 42 26 31 26 12 16 45 28 42 19 13 33 10
48 38 36 40 11 11 41 33 26 41 47 12 29 39 46 16 27 43 41 39
40 16 26 30 32 15 32 35 47 26 14 50 36 12 48 35 22 33 42 31
34 48 18 28 47 48 37 43 15 50 33 31 42 42 41 34 46 26 12 21
19 33 24 37 13 21 14 10 20 16 14 49 30 43 50 30 48 44 33 50
16 22 25 32 40 13 33 31 38 32 14 46 11 35 45 15 28 43 11 29
18 15 11 26 47 37 32 49 42 17 18 27 44 43 46 26 30 26 34 19
25 11 36 40 45 49 43 36 27 34 10 14 36 37 17 11 43 32 38 43
15 39 24 15 36 28 16 29 50 23 15 36 14 14 19 42 34 12 43 50
47 38 31 45 48 19 31 22 48 45 14 19 44 34 15 30 49 39 15 31
37 46 17 27 42 22 31 34 17 46 41 15 23 39 10 44 23 50 24 17
50 16 28 31 19 26 18 25 22 22 45 38 32 21 13 14 23 15 23 10
24 17 31 39 37 24 26 15 32 33 25 18 50 41 24 40 14 16 12 41
29 42 27 20 29 24 22 49 19 13 28 35 36 34 23 13 31 34 25 17
49 48 23 48 10 49 26 35 43 18 36 18 32 45 10 36 30 43 37 47
1 2 3 4 5 6 7 8 9 10 11 12 13 14 15 16 17 18 19 20 21 22 23 24 25 26 27 28 29 30 31 32 33 34 35 36 37 38 39 40 41 42 43 44 45 46 47 48 49 50 51 52 53 54 55 56 57 58 59 60 61 62 63 64 65 66 67 68 69 70 71 72 73 74 75 76 77 78 79 80 81 82 83 84 85 86 87 88 89 90 91 92 93 94 95 96 97 98 99 100 101 102 103 104 105 106 107 108 109 110 111 112 113 114 115 116 117 118 119 120 121 122 123 124 125 126 127 128 129 130 131 132 133 134 135 136 137 138 139 140 141 142 143 144 145 146 147 148 149 150 151 152 153 154 155 156 157 158 159 160 161 162 163 164 165 166 167 168 169 170 171 172 173 174 175 176 177 178 179 180 181 182 183 184 185 186 187 188 189 190 191 192 193 194 195 196 197 198 199 200 201 202 203 204 205 206 207 208 209 210 211 212 213 214 215 216 217 218 219 220 221 222 223 224 225 226 227 228 229 230 231 232 233 234 235 236 237 238 239 240 241 242 243 244 245 246 247 248 249 250 251 252 253 254 255 256 257 258 259 260 261 262 263 264 265 266 267 268 269 270 271 272 273 274 275 276 277 278 279 280 281 282 283 284 285 286 287 288 289 290 291 292 293 294 295 296 297 298 299 300 301 302 303 304 305 306 307 308 309 310 311 312 313 314 315 316 317 318 319 320 321 322 323 324 325 326 327 328 329 330 331 332 333 334 335 336 337 338 339 340 341 342 343 344 345 346 347 348 349 350 351 352 353 354 355 356 357 358 359 360 361 362 363 364 365 366 367 368 369 370 371 372 373 374 375 376 377 378 379 380 381 382 383 384 385 386 387 388 389 390 391 392 393 394 395 396 397 398 399 400 401 402 403 404 405 406 407 408 409 410 411 412 413 414 415 416 417 418 419 420 421 422 423 424 425 426 427 428 429 430 431 432 433 434 435 436 437 438 439 440 441 442 443 444 445 446 447 448 449 450 451 452 453 454 455 456 457 458 459 460 461 462 463 464 465 466 467 468 469 470 471 472 473 474 475 476 477 478 479 480 481 482 483 484 485 486 487 488 489 490 491 492 493 494 495 496 497 498 499 500 501 502 503 504 505 506 507 508 509 510 511 512 513 514 515 516 517 518 519 520 521 522 523 524 525 526 527 528 529 530 531 532 533 534 535 536 537 538 539 540 541 542 543 544 545 546 547 548 549 550 551 552 553 554 555 556 557 558 559 560 561 562 563 564 565 566 567 568 569 570 571 572 573 574 575 576 577 578 579 580 581 582 583 584 585 586 587 588 589 590 591 592 593 594 595 596 597 598 599 600 601 602 603 604 605 606 607 608 609 610 611 612 613 614 615 616 617 618 619 620 621 622 623 624 625 626 627 628 629 630 631 632 633 634 635 636 637 638 639 640 641 642 643 644 645 646 647 648 649 650 651 652 653 654 655 656 657 658 659 660 661 662 663 664 665 666 667 668 669 670 671 672 673 674 675 676 677 678 679 680 681 682 683 684 685 686 687 688 689 690 691 692 693 694 695 696 697 698 699 700 701 702 703 704 705 706 707 708 709 710 711 712 713 714 715 716 717 718 719 720 721 722 723 724 725 726 727 728 729 730 731 732 733 734 735 736 737 738 739 740 741 742 743 744 745 746 747 748 749 750 751 752 753 754 755 756 757 758 759 760 761 762 763 764 765 766 767 768 769 770 771 772 773 774 775 776 777 778 779 780 781 782 783 784 785 786 787 788 789 790 791 792 793 794 795 796 797 798 799 800 801 802 803 804 805 806 807 808 809 810 811 812 813 814 815 816 817 818 819 820 821 822 823 824 825 826 827 828 829 830 831 832 833 834 835 836 837 838 839 840 841 842 843 844 845 846 847 848 849 850 851 852 853 854 855 856 857 858 859 860 861 862 863 864 865 866 867 868 869 870 871 872 873 874 875 876 877 878 879 880 881 882 883 884 885 886 887 888 889 890 891 892 893 894 895 896 897 898 899 900 901 902 903 904 905 906 907 908 909 910 911 912 913 914 915 916 917 918 919 920 921 922 923 924 925 926 927 928 929 930 931 932 933 934 935 936 937 938 939 940 941 942 943 944 945 946 947 948 949 950 951 952 953 954 955 956 957 958 959 960 961 962 963 964 965 966 967 968 969 970 971 972 973 974 975 976 977 978 979 980 981 982 983 984 985 986 987 988 989 990 991 992 993 994 995 996 997 998 999 1000 1001 1002 1003 1004 1005 1006 1007 1008 1009 1010 1011 1012 1013 1014 1015 1016 1017 1018 1019 1020 1021 1022 1023 1024 1025 1026 1027 1028 1029 1030 1031 1032 1033 1034 1035 1036 1037 1038 1039 1040 1041 1042 1043 1044 1045 1046 1047 1048 1049 1050 1051 1052 1053 1054 1055 1056 1057 1058 1059 1060 1061 1062 1063 1064 1065 1066 1067 1068 1069 1070 1071 1072 1073 1074 1075 1076 1077 1078 1079 1080 1081 1082 1083 1084 1085 1086 1087 1088 1089 1090 1091 1092 1093 1094 1095 1096 1097 1098 1099 1100 1101 1102 1103 1104 1105 1106 1107 1108 1109 1110 1111 1112 1113 1114 1115 1116 1117 1118 1119 1120 1121 1122 1123 1124 1125 1126 1127 1128 1129 1130 1131 1132 1133 1134 1135 1136 1137 1138 1139 1140 1141 1142 1143 1144 1145 1146 1147 1148 1149 1150 1151 1152 1153 1154 1155 1156 1157 1158 1159 1160 1161 1162 1163 1164 1165 1166 1167 1168 1169 1170 1171 1172 1173 1174 1175 1176 1177 1178 1179 1180 1181 1182 1183 1184 1185 1186 1187 1188 1189 1190 1191 1192 1193 1194 1195 1196 1197 1198 1199 1200 1201 1202 1203 1204 1205 1206 1207 1208 1209 1210 1211 1212 1213 1214 1215 1216 1217 1218 1219 1220 1221 1222 1223 1224 1225 1226 1227 1228 1229 1230 1231 1232 1233 1234 1235 1236 1237 1238 1239 1240 1241 1242 1243 1244 1245 1246 1247 1248 1249 1250 1251 1252 1253 1254 1255 1256 1257 1258 1259 1260 1261 1262 1263 1264 1265 1266 1267 1268 1269 1270 1271 1272 1273 1274 1275 1276 1277 1278 1279 1280 1281 1282 1283 1284 1285 1286 1287 1288 1289 1290 1291 1292 1293 1294 1295 1296 1297 1298 1299 1300 1301 1302 1303 1304 1305 1306 1307 1308 1309 1310 1311 1312 1313 1314 1315 1316 1317 1318 1319 1320 1321 1322 1323 1324 1325 1326 1327 1328 1329 1330 1331 1332 1333 1334 1335 1336 1337 1338 1339 1340 1341 1342 1343 1344 1345 1346 1347 1348 1349 1350 1351 1352 1353 1354 1355 1356 1357 1358 1359 1360 1361 1362 1363 1364 1365 1366 1367 1368 1369 1370 1371 1372 1373 1374 1375 1376 1377 1378 1379 1380 1381 1382 1383 1384 1385 1386 1387 1388 1389 1390 1391 1392 1393 1394 1395 1396 1397 1398 1399 1400 1401 1402 1403 1404 1405 1406 1407 1408 1409 1410 1411 1412 1413 1414 1415 1416 1417 1418 1419 1420 1421 1422 1423 1424 1425 1426 1427 1428 1429 1430 1431 1432 1433 1434 1435 1436 1437 1438 1439 1440 1441 1442 1443 1444 1445 1446 1447 1448 1449 1450 1451 1452 1453 1454 1455 1456 1457 1458 1459 1460 1461 1462 1463 1464 1465 1466 1467 1468 1469 1470 1471 1472 1473 1474 1475 1476 1477 1478 1479 1480 1481 1482 1483 1484 1485 1486 1487 1488 1489 1490 1491 1492 1493 1494 1495 1496 1497 1498 1499 1500 1501 1502 1503 1504 1505 1506 1507 1508 1509 1510 1511 1512 1513 1514 1515 1516 1517 1518 1519 1520 1521 1522 1523 1524 1525 1526 1527 1528 1529 1530 1531 1532 1533 1534 1535 1536 1537 1538 1539 1540 1541 1542 1543 1544 1545 1546 1547 1548 1549 1550 1551 1552 1553 1554 1555 1556 1557 1558 1559 1560 1561 1562 1563 1564 1565 1566 1567 1568 1569 1570 1571 1572 1573 1574 1575 1576 1577 1578 1579 1580 1581 1582 1583 1584 1585 1586 1587 1588 1589 1590 1591 1592 1593 1594 1595 1596 1597 1598 1599 1600 1601 1602 1603 1604 1605 1606 1607 1608 1609 1610 1611 1612 1613 1614 1615 1616 1617 1618 1619 1620 1621 1622 1623 1624 1625 1626 1627 1628 1629 1630 1631 1632 1633 1634 1635 1636 1637 1638 1639 1640 1641 1642 1643 1644 1645 1646 1647 1648 1649 1650 1651 1652 1653 1654 1655 1656 1657 1658 1659 1660 1661 1662 1663 1664 1665 1666 1667 1668 1669 1670 1671 1672 1673 1674 1675 1676 1677 1678 1679 1680 1681 1682 1683 1684 1685 1686 1687 1688 1689 1690 1691 1692 1693 1694 1695 1696 1697 1698 1699 1700 1701 1702 1703 1704 1705 1706 1707 1708 1709 1710 1711 1712 1713 1714 1715 1716 1717 1718 1719 1720 1721 1722 1723 1724 1725 1726 1727 1728 1729 1730 1731 1732 1733 1734 1735 1736 1737 1738 1739 1740 1741 1742 1743 1744 1745 1746 1747 1748 1749 1750 1751 1752 1753 1754 1755 1756 1757 1758 1759 1760 1761 1762 1763 1764 1765 1766 1767 1768 1769 1770 1771 1772 1773 1774 1775 1776 1777 1778 1779 1780 1781 1782 1783 1784 1785 1786 1787 1788 1789 1790 1791 1792 1793 1794 1795 1796 1797 1798 1799 1800 1801 1802 1803 1804 1805 1806 1807 1808 1809 1810 1811 1812 1813 1814 1815 1816 1817 1818 1819 1820 1821 1822 1823 1824 1825 1826 1827 1828 1829 1830 1831 1832 1833 1834 1835 1836 1837 1838 1839 1840 1841 1842 1843 1844 1845 1846 1847 1848 1849 1850 1851 1852 1853 1854 1855 1856 1857 1858 1859 1860 1861 1862 1863 1864 1865 1866 1867 1868 1869 1870 1871 1872 1873 1874 1875 1876 1877 1878 1879 1880 1881 1882 1883 1884 1885 1886 1887 1888 1889 1890 1891 1892 1893 1894 1895 1896 1897 1898 1899 1900 1901 1902 1903 1904 1905 1906 1907 1908 1909 1910 1911 1912 1913 1914 1915 1916 1917 1918 1919 1920 1921 1922 1923 1924 1925 1926 1927 1928 1929 1930 1931 1932 1933 1934 1935 1936 1937 1938 1939 1940 1941 1942 1943 1944 1945 1946 1947 1948 1949 1950 1951 1952 1953 1954 1955 1956 1957 1958 1959 1960 1961 1962 1963 1964 1965 1966 1967 1968 1969 1970 1971 1972 1973 1974 1975 1976 1977 1978 1979 1980 1981 1982 1983 1984 1985 1986 1987 1988 1989 1990 1991 1992 1993 1994 1995 1996 1997 1998 1999 2000 2001 2002 2003 2004 2005 2006 2007 2008 2009 2010 2011 2012 2013 2014 2015 2016 2017 2018 2019 2020 2021 2022 2023 2024 2025 2026 2027 2028 2029 2030 2031 2032 2033 2034 2035 2036 2037 2038 2039 2040 2041 2042 2043 2044 2045 2046 2047 2048 2049 2050 2051 2052 2053 2054 2055 2056 2057 2058 2059 2060 2061 2062 2063 2064 2065 2066 2067 2068 2069 2070 2071 2072 2073 2074 2075 2076 2077 2078 2079 2080 2081 2082 2083 2084 2085 2086 2087 2088 2089 2090 2091 2092 2093 2094 2095 2096 2097 2098 2099 2100 2101 2102 2103 2104 2105 2106 2107 2108 2109 2110 2111 2112 2113 2114 2115 2116 2117 2118 2119 2120 2121 2122 2123 2124 2125 2126 2127 2128 2129 2130 2131 2132 2133 2134 2135 2136 2137 2138 2139 2140 2141 2142 2143 2144 2145 2146 2147 2148 2149 2150 2151 2152 2153 2154 2155 2156 2157 2158 2159 2160 2161 2162 2163 2164 2165 2166 2167 2168 2169 2170 2171 2172 2173 2174 2175 2176 2177 2178 2179 2180 2181 2182 2183 2184 2185 2186 2187 2188 2189 2190 2191 2192 2193 2194 2195 2196 2197 2198 2199 2200 2201 2202 2203 2204 2205 2206 2207 2208 2209 2210 2211 2212 2213 2214 2215 2216 2217 2218 2219 2220 2221 2222 2223 2224 2225 2226 2227 2228 2229 2230 2231 2232 2233 2234 2235 2236 2237 2238 2239 2240 2241 2242 2243 2244 2245 2246 2247 2248 2249 2250 2251 2252 2253 2254 2255 2256 2257 2258 2259 2260 2261 2262 2263 2264 2265 2266 2267 2268 2269 2270 2271 2272 2273 2274 2275 2276 2277 2278 2279 2280 2281 2282 2283 2284 2285 2286 2287 2288 2289 2290 2291 2292 2293 2294 2295 2296 2297 2298 2299 2300 2301 2302 2303 2304 2305 2306 2307 2308 2309 2310 2311 2312 2313 2314 2315 2316 2317 2318 2319 2320 2321 2322 2323 2324 2325 2326 2327 2328 2329 2330 2331 2332 2333 2334 2335 2336 2337 2338 2339 2340 2341 2342 2343 2344 2345 2346 2347 2348 2349 2350 2351 2352 2353 2354 2355 2356 2357 2358 2359 2360 2361 2362 2363 2364 2365 2366 2367 2368 2369 2370 2371 2372 2373 2374 2375 2376 2377 2378 2379 2380 2381 2382 2383 2384 2385 2386 2387 2388 2389 2390 2391 2392 2393 2394 2395 2396 2397 2398 2399 2400 2401 2402 2403 2404 2405 2406 2407 2408 2409 2410 2411 2412 2413 2414 2415 2416 2417 2418 2419 2420 2421 2422 2423 2424 2425 2426 2427 2428 2429 2430 2431 2432 2433 2434 2435 2436 2437 2438 2439 2440 2441 2442 2443 2444 2445 2446 2447 2448 2449 2450 2451 2452 2453 2454 2455 2456 2457 2458 2459 2460 2461 2462 2463 2464 2465 2466 2467 2468 2469 2470 2471 2472 2473 2474 2475 2476 2477 2478 2479 2480 2481 2482 2483 2484 2485 2486 2487 2488 2489 2490 2491 2492 2493 2494 2495 2496 2497 2498 2499 2500 2501 2502 2503 2504 2505 2506 2507 2508 2509 2510 2511 2512 2513 2514 2515 2516 2517 2518 2519 2520 2521 2522 2523 2524 2525 2526 2527 2528 2529 2530 2531 2532 2533 2534 2535 2536 2537 2538 2539 2540 2541 2542 2543 2544 2545 2546 2547 2548 2549 2550 2551 2552 2553 2554 2555 2556 2557 2558 2559 2560 2561 2562 2563 2564 2565 2566 2567 2568 2569 2570 2571 2572 2573 2574 2575 2576 2577 2578 2579 2580 2581 2582 2583 2584 2585 2586 2587 2588 2589 2590 2591 2592 2593 2594 2595 2596 2597 2598 2599 2600 2601 2602 2603 2604 2605 2606 2607 2608 2609 2610 2611 2612 2613 2614 2615 2616 2617 2618 2619 2620 2621 2622 2623 2624 2625 2626 2627 2628 2629 2630 2631 2632 2633 2634 2635 2636 2637 2638 2639 2640 2641 2642 2643 2644 2645 2646 2647 2648 2649 2650 2651 2652 2653 2654 2655 2656 2657 2658 2659 2660 2661 2662 2663 2664 2665 2666 2667 2668 2669 2670 2671 2672 2673 2674 2675 2676 2677 2678 2679 2680 2681 2682 2683 2684 2685 2686 2687 2688 2689 2690 2691 2692 2693 2694 2695 2696 2697 2698 2699 2700 2701 2702 2703 2704 2705 2706 2707 2708 2709 2710 2711 2712 2713 2714 2715 2716 2717 2718 2719 2720 2721 2722 2723 2724 2725 2726 2727 2728 2729 2730 2731 2732 2733 2734 2735 2736 2737 2738 2739 2740 2741 2742 2743 2744 2745 2746 2747 2748 2749 2750 2751 2752 2753 2754 2755 2756 2757 2758 2759 2760 2761 2762 2763 2764 2765 2766 2767 2768 2769 2770 2771 2772 2773 2774 2775 2776 2777 2778 2779 2780 2781 2782 2783 2784 2785 2786 2787 2788 2789 2790 2791 2792 2793 2794 2795 2796 2797 2798 2799 2800 2801 2802 2803 2804 2805 2806 2807 2808 2809 2810 2811 2812 2813 2814 2815 2816 2817 2818 2819 2820 2821 2822 2823 2824 2825 2826 2827 2828 2829 2830 2831 2832 2833 2834 2835 2836 2837 2838 2839 2840 2841 2842 2843 2844 2845 2846 2847 2848 2849 2850 2851 2852 2853 2854 2855 2856 2857 2858 2859 2860 2861 2862 2863 2864 2865 2866 2867 2868 2869 2870 2871 2872 2873 2874 2875 2876 2877 2878 2879 2880 2881 2882 2883 2884 2885 2886 2887 2888 2889 2890 2891 2892 2893 2894 2895 2896 2897 2898 2899 2900 2901 2902 2903 2904 2905 2906 2907 2908 2909 2910 2911 2912 2913 2914 2915 2916 2917 2918 2919 2920 2921 2922 2923 2924 2925 2926 2927 2928 2929 2930 2931 2932 2933 2934 2935 2936 2937 2938 2939 2940 2941 2942 2943 2944 2945 2946 2947 2948 2949 2950 2951 2952 2953 2954 2955 2956 2957 2958 2959 2960 2961 2962 2963 2964 2965 2966 2967 2968 2969 2970 2971 2972 2973 2974 2975 2976 2977 2978 2979 2980 2981 2982 2983 2984 2985 2986 2987 2988 2989 2990 2991 2992 2993 2994 2995 2996 2997 2998 2999 3000 3001 3002 3003 3004 3005 3006 3007 3008 3009 3010 3011 3012 3013 3014 3015 3016 3017 3018 3019 3020 3021 3022 3023 3024 3025 3026 3027 3028 3029 3030 3031 3032 3033 3034 3035 3036 3037 3038 3039 3040 3041 3042 3043 3044 3045 3046 3047 3048 3049 3050 3051 3052 3053 3054 3055 3056 3057 3058 3059 3060 3061 3062 3063 3064 3065 3066 3067 3068 3069 3070 3071 3072 3073 3074 3075 3076 3077 3078 3079 3080 3081 3082 3083 3084 3085 3086 3087 3088 3089 3090 3091 3092 3093 3094 3095 3096 3097 3098 3099 3100 3101 3102 3103 3104 3105 3106 3107 3108 3109 3110 3111 3112 3113 3114 3115 3116 3117 3118 3119 3120 3121 3122 3123 3124 3125 3126 3127 3128 3129 3130 3131 3132 3133 3134 3135 3136 3137 3138 3139 3140 3141 3142 3143 3144 3145 3146 3147 3148 3149 3150 3151 3152 3153 3154 3155 3156 3157 3158 3159 3160 3161 3162 3163 3164 3165 3166 3167 3168 3169 3170 3171 3172 3173 3174 3175 3176 3177 3178 3179 3180 3181 3182 3183 3184 3185 3186 3187 3188 3189 3190 3191 3192 3193 3194 3195 3196 3197 3198 3199 3200 3201 3202 3203 3204 3205 3206 3207 3208 3209 3210 3211 3212 3213 3214 3215 3216 3217 3218 3219 3220 3221 3222 3223 3224 3225 3226 3227 3228 3229 3230 3231 3232 3233 3234 3235 3236 3237 3238 3239 3240 3241 3242 3243 3244 3245 3246 3247 3248 3249 3250 3251 3252 3253 3254 3255 3256 3257 3258 3259 3260 3261 3262 3263 3264 3265 3266 3267 3268 3269 3270 3271 3272 3273 3274 3275 3276 3277 3278 3279 3280 3281 3282 3283 3284 3285 3286 3287 3288 3289 3290 3291 3292 3293 3294 3295 3296 3297 3298 3299 3300 3301 3302 3303 3304 3305 3306 3307 3308 3309 3310 3311 3312 3313 3314 3315 3316 3317 3318 3319 3320 3321 3322 3323 3324 3325 3326 3327 3328 3329 3330 3331 3332 3333 3334 3335 3336 3337 3338 3339 3340 3341 3342 3343 3344 3345 3346 3347 3348 3349 3350 3351 3352 3353 3354 3355 3356 3357 3358 3359 3360 3361 3362 3363 3364 3365 3366 3367 3368 3369 3370 3371 3372 3373 3374 3375 3376 3377 3378 3379 3380 3381 3382 3383 3384 3385 3386 3387 3388 3389 3390 3391 3392 3393 3394 3395 3396 3397 3398 3399 3400 3401 3402 3403 3404 3405 3406 3407 3408 3409 3410 3411 3412 3413 3414 3415 3416 3417 3418 3419 3420 3421 3422 3423 3424 3425 3426 3427 3428 3429 3430 3431 3432 3433 3434 3435 3436 3437 3438 3439 3440 3441 3442 3443 3444 3445 3446 3447 3448 3449 3450 3451 3452 3453 3454 3455 3456 3457 3458 3459 3460 3461 3462 3463 3464 3465 3466 3467 3468 3469 3470 3471 3472 3473 3474 3475 3476 3477 3478 3479 3480 3481 3482 3483 3484 3485 3486 3487 3488 3489 3490 3491 3492 3493 3494 3495 3496 3497 3498 3499 3500 3501 3502 3503 3504 3505 3506 3507 3508 3509 3510 3511 3512 3513 3514 3515 3516 3517 3518 3519 3520 3521 3522 3523 3524 3525 3526 3527 3528 3529 3530 3531 3532 3533 3534 3535 3536 3537 3538 3539 3540 3541 3542 3543 3544 3545 3546 3547 3548 3549 3550 3551 3552 3553 3554 3555 3556 3557 3558 3559 3560 3561 3562 3563 3564 3565 3566 3567 3568 3569 3570 3571 3572 3573 3574 3575 3576 3577 3578 3579 3580 3581 3582 3583 3584 3585 3586 3587 3588 3589 3590 3591 3592 3593 3594 3595 3596 3597 3598 3599 3600 3601 3602 3603 3604 3605 3606 3607 3608 3609 3610 3611 3612 3613 3614 3615 3616 3617 3618 3619 3620 3621 3622 3623 3624 3625 3626 3627 3628 3629 3630 3631 3632 3633 3634 3635 3636 3637 3638 3639 3640 3641 3642 3643 3644 3645 3646 3647 3648 3649 3650 3651 3652 3653 3654 3655 3656 3657 3658 3659 3660 3661 3662 3663 3664 3665 3666 3667 3668 3669 3670 3671 3672 3673 3674 3675 3676 3677 3678 3679 3680 3681 3682 3683 3684 3685 3686 3687 3688 3689 3690 3691 3692 3693 3694 3695 3696 3697 3698 3699 3700 3701 3702 3703 3704 3705 3706 3707 3708 3709 3710 3711 3712 3713 3714 3715 3716 3717 3718 3719 3720 3721 3722 3723 3724 3725 3726 3727 3728 3729 3730 3731 3732 3733 3734 3735 3736 3737 3738 3739 3740 3741 3742 3743 3744 3745 3746 3747 3748 3749 3750 3751 3752 3753 3754 3755 3756 3757 3758 3759 3760 3761 3762 3763 3764 3765 3766 3767 3768 3769 3770 3771 3772 3773 3774 3775 3776 3777 3778 3779 3780 3781 3782 3783 3784 3785 3786 3787 3788 3789 3790 3791 3792 3793 3794 3795 3796 3797 3798 3799 3800 3801 3802 3803 3804 3805 3806 3807 3808 3809 3810 3811 3812 3813 3814 3815 3816 3817 3818 3819 3820 3821 3822 3823 3824 3825 3826 3827 3828 3829 3830 3831 3832 3833 3834 3835 3836 3837 3838 3839 3840 3841 3842 3843 3844 3845 3846 3847 3848 3849 3850 3851 3852 3853 3854 3855 3856 3857 3858 3859 3860 3861 3862 3863 3864 3865 3866 3867 3868 3869 3870 3871 3872 3873 3874 3875 3876 3877 3878 3879 3880 3881 3882 3883 3884 3885 3886 3887 3888 3889 3890 3891 3892 3893 3894 3895 3896 3897 3898 3899 3900 3901 3902 3903 3904 3905 3906 3907 3908 3909 3910 3911 3912 3913 3914 3915 3916 3917 3918 3919 3920 3921 3922 3923 3924 3925 3926 3927 3928 3929 3930 3931 3932 3933 3934 3935 3936 3937 3938 3939 3940 3941 3942 3943 3944 3945 3946 3947 3948 3949 3950 3951 3952 3953 3954 3955 3956 3957 3958 3959 3960 3961 3962 3963 3964 3965 3966 3967 3968 3969 3970 3971 3972 3973 3974 3975 3976 3977 3978 3979 3980 3981 3982 3983 3984 3985 3986 3987 3988 3989 3990 3991 3992 3993 3994 3995 3996 3997 3998 3999 4000 4001 4002 4003 4004 4005 4006 4007 4008 4009 4010 4011 4012 4013 4014 4015 4016 4017 4018 4019 4020 4021 4022 4023 4024 4025 4026 4027 4028 4029 4030 4031 4032 4033 4034 4035 4036 4037 4038 4039 4040 4041 4042 4043 4044 4045 4046 4047 4048 4049 4050 4051 4052 4053 4054 4055 4056 4057 4058 4059 4060 4061 4062 4063 4064 4065 4066 4067 4068 4069 4070 4071 4072 4073 4074 4075 4076 4077 4078 4079 4080 4081 4082 4083 4084 4085 4086 4087 4088 4089 4090 4091 4092 4093 4094 4095 4096 4097 4098 4099 4100 4101 4102 4103 4104 4105 4106 4107 4108 4109 4110 4111 4112 4113 4114 4115 4116 4117 4118 4119 4120 4121 4122 4123 4124 4125 4126 4127 4128 4129 4130 4131 4132 4133 4134 4135 4136 4137 4138 4139 4140 4141 4142 4143 4144 4145 4146 4147 4148 4149 4150 4151 4152 4153 4154 4155 4156 4157 4158 4159 4160 4161 4162 4163 4164 4165 4166 4167 4168 4169 4170 4171 4172 4173 4174 4175 4176 4177 4178 4179 4180 4181 4182 4183 4184 4185 4186 4187 4188 4189 4190 4191 4192 4193 4194 4195 4196 4197 4198 4199 4200 4201 4202 4203 4204 4205 4206 4207 4208 4209 4210 4211 4212 4213 4214 4215 4216 4217 4218 4219 4220 4221 4222 4223 4224 4225 4226 4227 4228 4229 4230 4231 4232 4233 4234 4235 4236 4237 4238 4239 4240 4241 4242 4243 4244 4245 4246 4247 4248 4249 4250 4251 4252 4253 4254 4255 4256 4257 4258 4259 4260 4261 4262 4263 4264 4265 4266 4267 4268 4269 4270 4271 4272 4273 4274 4275 4276 4277 4278 4279 4280 4281 4282 4283 4284 4285 4286 4287 4288 4289 4290 4291 4292 4293 4294 4295 4296 4297 4298 4299 4300 4301 4302 4303 4304 4305 4306 4307 4308 4309 4310 4311 4312 4313 4314 4315 4316 4317 4318 4319 4320 4321 4322 4323 4324 4325 4326 4327 4328 4329 4330 4331 4332 4333 4334 4335 4336 4337 4338 4339 4340 4341 4342 4343 4344 4345 4346 4347 4348 4349 4350 4351 4352 4353 4354 4355 4356 4357 4358 4359 4360 4361 4362 4363 4364 4365 4366 4367 4368 4369 4370 4371 4372 4373 4374 4375 4376 4377 4378 4379 4380 4381 4382 4383 4384 4385 4386 4387 4388 4389 4390 4391 4392 4393 4394 4395 4396 4397 4398 4399 4400 4401 4402 4403 4404 4405 4406 4407 4408 4409 4410 4411 4412 4413 4414 4415 4416 4417 4418 4419 4420 4421 4422 4423 4424 4425 4426 4427 4428 4429 4430 4431 4432 4433 4434 4435 4436 4437 4438 4439 4440 4441 4442 4443 4444 4445 4446 4447 4448 4449 4450 4451 4452 4453 4454 4455 4456 4457 4458 4459 4460 4461 4462 4463 4464 4465 4466 4467 4468 4469 4470 4471 4472 4473 4474 4475 4476 4477 4478 4479 4480 4481 4482 4483 4484 4485 4486 4487 4488 4489 4490 4491 4492 4493 4494 4495 4496 4497 4498 4499 4500 4501 4502 4503 4504 4505 4506 4507 4508 4509 4510 4511 4512 4513 4514 4515 4516 4517 4518 4519 4520 4521 4522 4523 4524 4525 4526 4527 4528 4529 4530 4531 4532 4533 4534 4535 4536 4537 4538 4539 4540 4541 4542 4543 4544 4545 4546 4547 4548 4549 4550 4551 4552 4553 4554 4555 4556 4557 4558 4559 4560 4561 4562 4563 4564 4565 4566 4567 4568 4569 4570 4571 4572 4573 4574 4575 4576 4577 4578 4579 4580 4581 4582 4583 4584 4585 4586 4587 4588 4589 4590 4591 4592 4593 4594 4595 4596 4597 4598 4599 4600 4601 4602 4603 4604 4605 4606 4607 4608 4609 4610 4611 4612 4613 4614 4615 4616 4617 4618 4619 4620 4621 4622 4623 4624 4625 4626 4627 4628 4629 4630 4631 4632 4633 4634 4635 4636 4637 4638 4639 4640 4641 4642 4643 4644 4645 4646 4647 4648 4649 4650 4651 4652 4653 4654 4655 4656 4657 4658 4659 4660 4661 4662 4663 4664 4665 4666 4667 4668 4669 4670 4671 4672 4673 4674 4675 4676 4677 4678 4679 4680 4681 4682 4683 4684 4685 4686 4687 4688 4689 4690 4691 4692 4693 4694 4695 4696 4697 4698 4699 4700 4701 4702 4703 4704 4705 4706 4707 4708 4709 4710 4711 4712 4713 4714 4715 4716 4717 4718 4719 4720 4721 4722 4723 4724 4725 4726 4727 4728 4729 4730 4731 4732 4733 4734 4735 4736 4737 4738 4739 4740 4741 4742 4743 4744 4745 4746 4747 4748 4749 4750 4751 4752 4753 4754 4755 4756 4757 4758 4759 4760 4761 4762 4763 4764 4765 4766 4767 4768 4769 4770 4771 4772 4773 4774 4775 4776 4777 4778 4779 4780 4781 4782 4783 4784 4785 4786 4787 4788 4789 4790 4791 4792 4793 4794 4795 4796 4797 4798 4799 4800 4801 4802 4803 4804 4805 4806 4807 4808 4809 4810 4811 4812 4813 4814 4815 4816 4817 4818 4819 4820 4821 4822 4823 4824 4825 4826 4827 4828 4829 4830 4831 4832 4833 4834 4835 4836 4837 4838 4839 4840 4841 4842 4843 4844 4845 4846 4847 4848 4849 4850 4851 4852 4853 4854 4855 4856 4857 4858 4859 4860 4861 4862 4863 4864 4865 4866 4867 4868 4869 4870 4871 4872 4873 4874 4875 4876 4877 4878 4879 4880 4881 4882 4883 4884 4885 4886 4887 4888 4889 4890 4891 4892 4893 4894 4895 4896 4897 4898 4899 4900 4901 4902 4903 4904 4905 4906 4907 4908 4909 4910 4911 4912 4913 4914 4915 4916 4917 4918 4919 4920 4921 4922 4923 4924 4925 4926 4927 4928 4929 4930 4931 4932 4933 4934 4935 4936 4937 4938 4939 4940 4941 4942 4943 4944 4945 4946 4947 4948 4949 4950 4951 4952 4953 4954 4955 4956 4957 4958 4959 4960 4961 4962 4963 4964 4965 4966 4967 4968 4969 4970 4971 4972 4973 4974 4975 4976 4977 4978 4979 4980 4981 4982 4983 4984 4985 4986 4987 4988 4989 4990 4991 4992 4993 4994 4995 4996 4997 4998 4999 5000
12 5 11 8 13 8 7 5 3 18 11 17 14 15 3 7 16 9 5 18 9 16 11 10 5 2 11 7 4 2 5 6 12 3 3 13 1 2 5 7 4 2 5 7 9 2 14 18 1 5 4 5 8 5 5 3 9 19 10 18 17 7 3 14 16 14 5 10 13 17 19 2 14 8 3 12 13 7 4 8 13 18 16 2 0 8 0 11 12 6 18 11 11 16 3 17 6 3 3 14 9 17 18 7 5 1 8 14 2 1 17 16 1 0 11 16 13 18 15 3 6 3 12 9 3 19 1 19 12 2 5 2 1 14 6 4 11 11 1 0 9 14 12 15 10 1 8 13 3 17 15 13 14 12 16 7 8 8 18 15 13 9 6 8 13 8 7 6 7 2 1 5 2 3 13 14 0 19 8 2 10 2 17 2 10 0 13 3 12 19 11 1 5 3 8 12 9 18 6 9 9 4 7 0 12 11 0 6 0 15 16 12 2 14 9 15 16 1 1 3 13 6 7 0 8 9 2 15 15 14 17 9 1 0 16 9 4 15 19 19 18 10 2 18 14 12 6 11 15 13 14 0 11 1 4 14 0 15 7 15 11 7 15 19 3 4 4 12 7 10 4 17 4 7 0 14 10 7 3 4 6 2 16 9 11 18 6 19 12 14 8 1 10 0 17 16 15 13 15 14 9 18 13 0 5 19 4 10 17 17 8 11 7 11 15 12 1 5 9 0 7 10 9 2 18 1 4 4 18 9 7 13 7 5 19 5 15 1 17 0 9 9 0 8 9 1 6 14 17 16 10 15 9 9 1 17 19 12 2 17 13 12 5 19 15 11 14 18 1 0 2 8 4 2 13 0 12 16 18 14 6 15 1 6 4 14 19 6 0 1 6 14 16 18 1 9 6 7 2 17 14 3 2 5 7 11 13 11 14 5 8 6 7 5 2 4 3 12 13 6 11 14 19 0 11 10 7 12 7 7 15 3 8 5 8 19 19 0 13 0 11 0 0 3 8 7 9 1 1 11 6 13 15 6 13 12 15 1 4 9 8 16 18 17 18 0 13 8 2 8 7 18 15 19 16 19 6 6 7 3 0 1 7 11 9 12 5 17 19 6 9 9 11 13 0 10 18 14 14 8 15 5 3 7 16 0 2 4 4 4 8 0 8 3 11 12 18 12 10 7 7 16 19 11 3 7 13 13 15 7 17 6 17 14 18 13 5 12 1 17 4 6 12 18 17 9 18 16 18 2 3 11 3 11 5 19 5 17 13 11 6 3 5 10 18 10 14 5 10 14 16 13 0 7 13 11 15 9 6 11 8 12 3 14 1 5 12 9 17 11 11 13 4 8 6 14 7 15 15 13 10 8 9 13 15 16 18 18 3 17 10 11 7 10 10 2 9 1 19 4 11 14 9 0 18 19 1 1 19 6 10 11 11 13 4 17 10 7 3 14 7 4 18 12 15 6 1 1 12 1 19 9 3 1 13 18 9 13 4 5 0 11 8 18 15 19 5 10 6 5 10 18 2 0 12 16 9 9 13 13 18 17 3 19 17 8 16 12 11 9 4 1 18 5 0 17 11 14 6 0 2 7 9 17 14 10 7 0 10 17 9 3 9 7 3 14 17 0 10 12 12 0 8 18 2 5 0 5 1 19 18 19 19 5 16 17 16 6 16 13 8 6 7 9 1 10 6 9 5 15 6 0 1 19 6 7 11 3 17 1 19 3 10 8 2 18 11 15 12 7 19 7 3 14 11 13 5 10 9 13 14 2 16 6 14 13 18 7 7 1 9 15 16 9 2 3 4 13 12 15 17 1 17 12 9 16 1 16 6 3 3 1 18 5 15 17 13 14 17 6 13 8 16 11 13 2 7 16 13 5 0 12 5 19 11 11 12 17 10 11 7 16 4 15 17 15 7 12 19 7 9 7 3 11 2 2 19 6 15 17 10 10 6 10 17 5 13 12 8 3 6 11 4 12 9 19 6 10 9 2 7 1 12 12 16 4 13 0 18 8 9 2 3 15 10 15 13 8 16 5 8 2 13 17 17 4 19 11 8 0 3 13 18 15 10 2 7 18 4 18 18 16 2 16 1 11 19 0 5 5 1 12 17 6 0 14 2 9 1 18 12 11 15 0 7 4 18 13 6 10 1 9 2 17 5 1 16 6 1 4 19 14 2 7 8 12 2 1 0 1 16 18 0 14 8 15 12 11 5 17 3 5 9 1 17 18 1 8 0 2 15 14 0 9 18 5 7 4 10 18 4 8 11 2 6 15 13 0 12 0 11 6 19 13 14 18 8 14 16 9 1 9 16 13 1 1 15 18 12 2 10 7 10 8 16 3 13 15 5 4 16 18 14 16 19 15 1 3 4 13 1 18 0 17 9 4 19 4 16 8 3 8 1 0 0 9 10 8 18 4 12 5 6 15 6 0 4 4 11 4 18 11 10 17 8 8 15 12 5 13 14 17 12 3 6 0 8 6 6 14 11 7 9 0 13 2 14 13 15 0 11 7 4 18 0 4 12 15 10 7 8 3 0 11 4 12 0 16 11 1 12 6 18 17 19 7 13 15 4 15 15 2 5 10 15 10 9 7 14 16 10 14 8 3 13 16 17 6 7 6 6 6 1 13 10 18 11 2 2 10 1 6 4 0 4 15 10 19 16 10 18 3 0 14 4 0 0 2 2 9 8 14 7 7 0 18 0 13 5 2 1 17 9 5 0 9 19 12 18 2 16 0 16 11 17 17 1 5 1 11 13 7 5 2 4 8 12 10 4 11 15 8 6 6 13 13 1 8 4 0 13 5 2 0 11 6 6 7 3 7 2 10 4 7 9 0 5 4 4 2 17 11 7 3 11 15 14 3 16 6 9 16 15 0 12 17 11 14 17 12 18 11 1 7 5 14 14 1 7 3 2 5 9 9 19 18 19 17 14 2 15 9 15 12 12 17 2 12 6 13 14 18 11 11 18 18 18 16 11 13 2 8 16 4 9 4 12 11 10 5 18 1 9 11 19 9 19 12 17 15 2 16 2 3 14 12 4 8 17 3 5 17 0 18 5 2 0 11 6 6 10 10 7 16 0 6 10 10 0 17 5 11 1 16 8 11 1 16 16 9 14 18 16 3 8 2 18 8 16 7 16 15 6 16 5 6 18 6 0 0 19 16 2 7 0 16 6 15 0 16 13 8 10 11 12 7 19 12 11 2 13 5 3 17 8 5 7 14 2 7 15 7 5 1 8 3 2 16 16 15 4 19 14 14 11 0 9 3 1 8 0 15 11 18 18 13 5 9 0 17 3 19 11 16 1 6 0 14 0 3 0 12 10 16 18 18 0 19 12 17 10 19 17 13 14 18 7 13 18 5 11 13 8 4 16 10 15 14 3 14 18 13 6 5 15 3 13 17 1 2 4 12 2 4 12 15 17 3 6 6 6 10 16 4 18 18 11 18 14 12 10 4 14 16 10 12 1 7 12 19 10 17 7 8 13 11 0 13 15 13 6 17 2 19 16 9 16 2 10 3 11 18 4 4 9 4 3 18 3 11 19 5 10 19 15 15 15 18 15 15 17 3 8 0 3 10 4 8 19 16 18 6 6 16 17 9 13 15 8 9 15 6 12 8 2 19 9 15 2 15 18 14 16 14 18 18 18 9 11 8 4 19 2 9 17 17 10 2 17 1 16 16 16 15 1 2 12 3 15 19 2 6 2 9 5 12 9 9 13 2 11 15 1 10 12 15 6 11 6 3 17 4 12 12 11 6 17 18 3 15 12 4 12 9 14 0 9 3 2 10 9 2 1 6 12 7 3 9 8 17 6 5 12 10 6 18 3 12 10 12 4 19 19 13 18 12 6 6 9 6 2 8 12 4 6 13 19 4 1 15 5 18 5 18 11 1 1 11 3 3 15 6 10 2 16 12 10 12 17 2 1 4 9 5 5 13 6 0 14 14 14 3 6 17 11 4 0 14 14 1 16 0 9 3 1 10 17 18 1 14 6 16 18 7 1 19 8 11 1 0 3 5 8 9 11 10 5 4 17 17 3 7 9 1 12 4 15 0 15 1 13 17 10 9 9 14 6 10 7 9 16 14 9 16 8 17 9 2 10 7 19 6 7 5 9 12 14 19 11 14 15 18 18 16 0 12 18 4 12 13 10 4 17 4 17 17 4 3 10 4 14 8 15 11 16 12 14 14 6 7 19 5 17 15 5 12 7 6 12 1 15 1 9 9 4 6 3 4 12 17 18 7 4 16 7 9 14 6 14 17 13 16 3 6 15 2 16 15 1 13 3 18 8 8 2 18 6 17 14 15 3 12 0 5 18 17 9 18 3 7 1 17 7 10 7 19 18 10 7 7 11 16 1 18 1 5 17 8 18 7 5 2 0 4 13 16 11 18 16 14 4 7 0 13 4 16 4 15 7 7 4 14 2 5 6 9 18 12 6 10 12 13 19 10 17 10 10 6 18 9 14 10 13 14 13 8 18 9 9 0 14 19 0 10 5 9 4 16 8 7 16 19 0 12 11 17 5 13 11 1 0 5 9 6 10 15 8 6 12 5 0 7 1 19 17 6 9 5 3 19 18 7 1 9 10 18 3 18 16 19 13 0 6 18 3 13 19 19 9 17 10 7 10 16 13 3 16 1 13 12 14 12 10 10 19 6 0 2 0 9 6 16 16 11 0 9 7 19 11 3 2 6 0 8 7 9 8 16 1 16 12 3 17 14 14 8 16 15 0 6 13 4 8 4 17 4 8 4 3 2 8 5 16 19 5 9 8 5 9 11 0 12 6 3 1 7 12 2 16 15 7 3 4 18 0 9 13 8 4 6 3 6 9 8 12 15 13 12 15 17 8 17 7 3 9 9 1 8 13 16 17 9 16 17 12 0 4 13 9 10 10 10 3 8 3 5 16 16 14 15 8 2 8 17 13 13 18 5 16 0 10 7 18 9 19 13 4 11 2 19 7 18 3 8 17 6 4 13 5 7 16 12 4 12 13 0 5 8 11 14 13 18 6 2 13 7 13 15 9 6 6 6 19 7 7 1 1 0 0 10 3 17 8 0 9 14 7 16 18 15 8 9 9 13 15 19 17 15 4 15 10 13 16 2 17 18 18 3 7 7 17 6 14 0 9 9 16 2 6 1 13 8 19 17 2 12 7 2 4 7 16 11 10 15 0 10 4 13 12 10 3 2 13 0 19 3 10 5 11 13 6 14 7 17 15 14 17 3 4 12 14 9 7 4 0 10 12 4 2 14 14 3 18 19 19 13 16 8 0 16 17 5 18 14 16 7 1 3 7 8 0 5 18 1 7 2 0 0 14 4 5 1 3 7 15 14 15 15 19 5 13 19 12 14 16 14 16 5 15 3 16 2 19 14 10 13 3 14 4 19 18 0 14 19 0 5 8 19 9 7 5 15 17 3 6 5 15 0 18 11 16 0 15 4 3 14 5 0 6 10 1 18 3 6 12 17 3 13 1 0 3 0 4 17 9 9 7 8 10 15 17 11 14 5 5 15 3 3 19 14 15 7 10 7 6 9 6 11 10 5 15 7 4 11 5 11 4 13 2 16 10 18 17 5 15 12 16 12 4 9 13 11 1 16 11 7 7 3 19 16 19 15 6 19 13 7 4 6 5 0 8 16 10 17 6 9 19 16 7 2 14 10 15 19 4 13 19 11 16 5 7 6 0 18 2 6 5 10 0 15 13 5 7 18 13 5 0 10 18 5 13 10 10 15 3 1 4 19 3 19 6 4 2 9 3 17 16 8 2 9 5 0 1 15 8 1 5 18 15 15 15 12 9 8 13 3 13 14 2 3 15 5 17 14 9 13 1 0 13 14 5 14 3 13 7 10 6 17 11 12 8 2 16 13 13 11 0 11 16 1 9 13 19 2 1 6 15 19 4 10 19 8 10 7 12 14 13 3 11 4 14 0 7 15 15 13 16 18 18 19 19 12 0 0 10 7 18 13 7 7 16 11 5 3 0 6 16 2 16 4 5 8 11 2 13 13 7 6 10 17 14 5 0 17 12 14 1 18 10 12 7 17 3 3 2 18 7 6 19 4 10 12 2 19 5 0 9 13 4 17 2 15 7 4 0 0 1 14 5 14 0 19 14 7 11 0 0 17 7 6 14 11 0 15 14 7 0 11 19 13 12 11 12 19 0 0 2 16 19 4 11 17 9 2 9 8 11 4 3 2 16 6 16 10 1 13 2 13 4 19 4 7 3 2 17 4 10 4 6 0 8 0 10 0 5 7 6 14 2 14 18 4 13 2 11 8 12 7 5 13 16 11 10 16 10 2 16 6 1 14 5 9 10 1 1 7 3 8 1 5 15 10 2 11 0 12 2 5 4 6 19 17 13 5 9 14 19 1 5 8 15 0 6 18 14 7 2 4 6 13 2 8 5 17 0 5 5 2 1 11 11 18 9 11 11 13 14 8 2 4 7 17 4 9 0 18 5 0 2 8 2 2 16 2 9 18 12 5 11 12 4 16 18 11 8 8 9 12 0 17 15 12 10 12 12 14 9 15 16 13 6 3 3 19 8 9 5 19 5 18 14 18 17 19 11 1 19 18 12 3 16 9 16 1 15 19 5 18 19 0 3 15 1 13 6 0 17 3 10 0 8 2 11 7 18 8 19 9 15 9 6 6 3 4 5 6 12 12 12 4 18 14 16 15 16 17 14 8 8 6 9 12 8 9 1 6 1 1 12 17 18 0 2 9 17 17 13 6 3 5 11 14 18 16 2 13 3 8 12 14 17 2 7 2 3 19 18 13 5 14 19 5 11 2 3 2 8 14 15 16 15 13 8 10 15 13 11 0 19 16 13 16 13 6 12 10 12 4 19 6 16 4 5 11 14 13 13 10 5 3 0 12 19 13 10 0 7 11 11 3 15 15 19 7 9 3 9 16 6 18 0 3 15 4 10 12 18 19 3 0 6 3 0 5 10 12 19 3 1 8 6 16 14 18 16 12 8 18 8 14 9 16 17 18 8 4 2 12 18 5 10 0 6 1 12 5 11 9 19 2 19 1 12 17 7 2 5 10 2 14 6 9 10 7 0 8 12 6 12 2 4 11 11 13 6 3 16 11 8 1 18 19 4 17 3 6 15 0 0 17 9 9 13 16 6 15 3 14 14 19 12 12 1 2 15 11 12 17 7 11 5 1 16 0 2 4 4 13 17 18 6 0 16 12 10 17 13 1 8 9 4 3 13 13 16 16 6 11 9 13 18 8 1 10 6 11 16 13 0 15 0 19 13 6 10 8 9 6 13 6 15 0 9 5 15 19 16 1 1 5 13 14 4 6 14 18 12 18 13 10 2 11 14 3 13 4 9 5 9 9 11 6 18 10 8 0 1 13 17 13 8 14 4 7 4 12 10 18 17 14 19 10 3 4 15 0 13 11 2 19 4 9 3 12 8 0 0 14 15 5 5 16 1 7 2 7 16 10 1 16 8 7 12 18 15 0 17 6 2 19 13 13 9 1 10 5 0 7 3 1 13 1 10 6 10 12 3 15 11 2 14 15 1 4 10 8 17 19 6 10 12 10 2 6 17 9 18 15 14 7 3 10 0 19 6 18 1 16 19 2 0 18 19 13 10 6 12 13 10 6 4 19 7 10 8 4 5 17 18 0 14 4 17 15 0 10 0 9 1 6 1 14 1 1 7 2 11 0 7 1 0 18 6 19 16 7 10 11 8 8 2 4 15 12 14 13 17 5 9 4 12 14 3 19 6 17 6 1 5 11 2 18 10 3 8 10 15 15 12 4 5 18 8 15 3 16 1 6 4 0 7 13 14 19 12 9 16 8 19 18 12 13 4 8 9 4 17 17 4 8 19 4 5 6 18 7 8 19 0 5 11 19 6 12 18 16 16 12 0 16 15 2 8 8 13 7 14 10 14 5 14 8 19 13 11 10 14 8 11 8 4 4 4 0 2 11 5 5 19 8 17 18 12 7 0 11 4 0 5 8 17 15 8 11 7 0 7 12 3 14 5 18 10 14 3 9 19 14 16 3 17 3 5 2 4 15 17 0 8 2 11 3 3 1 4 0 6 15 7 19 5 10 11 0 13 14 11 1 2 9 1 15 13 8 7 9 9 3 8 0 5 13 16 11 11 9 9 1 1 2 13 10 4 18 17 19 17 9 0 16 19 14 12 8 18 1 12 16 13 14 19 3 11 19 15 8 11 12 15 1 0 15 7 13 0 15 12 18 9 19 16 6 4 10 2 18 3 5 15 18 15 10 14 10 16 4 14 2 2 16 1 15 18 1 15 2 13 16 14 17 12 11 9 4 13 11 16 17 4 9 0 4 15 5 0 6 10 9 16 1 12 4 3 16 6 19 5 9 15 13 6 4 18 1 14 0 13 18 15 13 0 5 19 13 9 2 4 12 10 7 19 14 1 9 4 16 7 8 19 7 14 8 19 4 1 2 16 17 14 0 10 8 12 1 1 14 8 18 14 16 12 16 13 14 14 7 12 5 5 3 7 7 4 13 15 6 0 18 12 14 3 18 15 18 2 17 4 9 7 3 1 4 15 9 1 14 4 1 14 10 12 14 19 14 2 11 8 14 18 2 13 3 16 13 8 7 12 14 3 15 15 10 18 19 5 17 4 5 19 7 10 18 8 15 2 15 19 16 7 16 2 5 5 6 12 0 19 15 12 2 16 19 19 12 1 4 14 17 7 3 0 5 7 19 11 14 14 9 8 12 4 9 8 19 19 4 7 19 16 17 9 5 11 5 8 18 9 7 13 10 15 14 2 14 19 0 12 1 2 5 12 8 19 2 19 5 3 6 9 1 19 8 17 16 14 2 16 16 16 19 14 8 5 9 17 11 2 8 16 11 2 5 11 3 5 15 18 12 0 2 12 5 7 9 3 0 6 10 19 6 5 5 0 17 9 13 1 9 5 4 0 0 9 10 10 2 0 0 4 13 7 17 14 2 8 7 11 14 14 15 14 18 15 15 12 4 13 17 9 9 16 16 15 8 16 13 10 14 17 4 9 2 19 6 10 13 19 5 8 5 19 16 2 0 10 3 17 0 17 0 18 5 14 9 7 4 17 6 10 6 14 5 19 11 5 9 17 5 16 3 2 12 4 8 0 19 1 18 0 17 3 9 3 1 18 3 11 5 10 12 13 4 19 11 17 8 15 10 16 1 8 13 4 9 17 6 7 3 10 12 11 17 3 7 11 15 12 18 15 2 0 8 2 12 6 3 3 11 14 13 3 1 3 18 6 12 15 5 13 11 11 2 7 16 19 13 17 10 8 12 4 10 5 10 5 7 10 11 13 18 14 6 14 8 15 4 9 16 2 19 5 1 4 6 17 8 13 14 18 1 12 12 8 9 8 13 17 6 18 12 13 5 10 5 11 6 6 10 0 0 11 5 17 19 0 13 4 1 16 9 5 17 2 16 13 0 19 11 9 7 2 14 5 16 2 5 14 11 11 14 0 0 14 9 12 8 11 19 1 7 5 14 5 1 7 16 7 9 7 12 13 13 9 7 12 17 8 14 10 3 0 7 9 3 14 7 6 10 5 14 15 1 11 8 11 9 0 12 18 8 1 18 16 19 18 12 8 3 3 9 18 10 14 17 1 10 7 12 1 11 10 19 7 2 1 10 9 8 11 0 14 5 9 16 10 9 12 5 18 17 3 2 13 1 13 9 16 7 7 1 1 14 7 7 3 10 15 11 0 9 0 3 11 7 3 7 6 4 1 17 11 17 11 13 12 5 17 13 16 11 4 3 18 12 8 11 12 7 8 7 10 15 7 3 6 8 7 2 15 11 7 6 14 6 9 12 1 2 5 13 11 12 14 13 15 13 10 12 8 6 5 15 8 8 2 11 19 16 8 6 1 5 3 2 5 8 10 5 8 1 2 10 11 12 16 4 9 18 7 9 5 18 12 4 8 15 15 18 7 7 15 3 16 16 5 10 17 10 6 5 14 2 8 16 9 14 17 18 7 12 14 13 10 1 6 9 12 7 17 14 7 0 8 6 4 9 14 2 16 16 2 7 16 7 11 6 2 8 13 11 14 17 19 1 9 17 17 13 15 2 18 6 17 8 10 1 16 8 19 13 11 13 15 14 11 18 3 9 9 13 8 12 12 14 5 0 0 0 17 8 18 18 7 13 6 12 16 19 3 1 2 5 9 19 10 4 5 14 9 10 15 14 10 7 16 9 15 8 18 4 17 6 5 0 13 18 19 10 19 13 5 10 10 3 10 14 3 16 5 11 9 16 12 19 11 19 14 1 6 5 10 6 4 16 7 14 14 1 17 11 18 18 4 0 2 16 19 9 12 3 19 13 3 15 2 14 8 5 6 8 17 11 19 10 14 0 19 15 17 12 2 15 18 5 2 19 7 5 2 3 19 9 9 2 9 8 15 8 18 17 2 2 9 4 11 12 14 17 13 2 16 10 13 5 8 14 15 9 6 4 10 3 15 4 17 10 10 12 11 7 6 16 12 1 7 4 12 14 6 9 2 14 13 14 5 2 12 17 14 9 10 19 5 12 8 2 12 13 1 15 19 14 15 12 8 16 1 4 3 5 8 18 1 5 15 19 1 17 8 9 10 2 12 7 9 11 6 2 10 14 14 2 12 5 8 9 12 5 3 17 7 2 15 8 18 16 11 17 6 6 4 0 9 9 14 9 2 11 6 17 10 13 11 14 17 4 13 12 15 1 4 19 9 6 14 6 9 19 6 16 4 12 10 18 8 15 11 17 9 19 1 18 10 8 0 17 14 4 3 12 8 17 0 7 2 2 4 2 8 8 7 11 15 7 3 17 6 17 10 1 1 3 11 16 3 17 7 13 10 3 6 12 16 2 5 15 11 1 19 13 11 9 0 1 18 1 0 14 4 5 11 3 2 5 19 7 6 7 14 7 7 10 1 0 2 12 17 2 13 9 15 8 10 5 11 3 7 1 12 10 13 4 15 16 5 1 1 18 2 15 18 15 10 9 1 14 17 14 13 18 3 16 8 0 5 4 16 0 1 10 10 12 16 10 3 8 8 0 4 19 11 14 9 14 14 5 2 17 8 13 17 5 12 6 12 18 2 2 3 14 18 5 19 0 11 6 9 2 10 11 16 17 4 16 1 5 4 8 16 7 7 1 16 4 19 14 1 17 13 9 11 11 16 12 13 6 14 9 10 0 9 8 2 12 11 12 14 1 10 1 17 6 9 10 1 1 1 15 14 2 1 11 15 3 17 19 9 7 12 7 1 5 2 18 8 6 3 16 10 6
3 5 14 18 21 28 30 31 40 46 47 48 55 61 67 77 81 86 89 100 102 112 113 132 135 146 154 168 173 180 183 194 211 219 228 229 236 239 241 242 243 254 272 273 276 285 289 296 299 321 328 329 337 347 350 353 359 362 372 373 383 389 390 391 395 396 402 413 419 422 423 426 430 431 468 470 473 474 477 486 488 498 505 506 522 524 528 529 533 569 573 593 594 595 606 613 617 623 630 631 640 642 645 666 672 673 680 688 702 703 718 720 724 731 733 740 745 748 771 772 773 782 784 787 788 796 803 806 813 826 830 832 840 853 854 855 856 866 872 877 883 905 909 926 927 942 945 946 960 961 962 968 973 986 988 1002 1010 1011 1021 1022 1036 1048 1053 1068 1083 1088 1090 1094 1097 1099 1111 1130 1132 1142 1143 1152 1155 1159 1163 1164 1188 1190 1226 1228 1229 1238 1242 1245 1250 1256 1261 1266 1271 1278 1279 1298 1312 1314 1316 1323 1333 1335 1340 1347 1368 1376 1377 1395 1409 1423 1424 1425 1436 1439 1440 1441 1447 1449 1451 1456 1460 1468 1473 1475 1485 1492 1504 1512 1530 1534 1540 1542 1563 1576 1588 1597 1605 1607 1609 1610 1611 1616 1620 1623 1648 1650 1655 1661 1670 1679 1682 1683 1684 1687 1688 1691 1708 1711 1712 1713 1714 1715 1724 1727 1728 1733 1739 1740 1741 1747 1748 1752 1756 1760 1765 1768 1776 1780 1789 1792 1799 1800 1801 1802 1805 1820 1841 1851 1861 1874 1884 1890 1893 1897 1902 1915 1917 1918 1922 1927 1938 1940 1950 1952 1962 1964 1976 1984 1992 2000 2005 2011 2012 2015 2029 2039 2040 2041 2043 2044 2055 2072 2076 2087 2098 2105 2106 2115 2118 2121 2135 2137 2141 2147 2155 2162 2165 2168 2175 2176 2194 2195 2198 2231 2244 2245 2246 2249 2253 2259 2266 2269 2271 2273 2274 2280 2286 2306 2309 2329 2331 2364 2380 2386 2390 2397 2404 2406 2412 2419 2420 2424 2432 2433 2448 2453 2457 2462 2466 2475 2479 2484 2486 2487 2489 2491 2501 2504 2508 2511 2519 2523 2528 2532 2537 2540 2551 2554 2569 2573 2582 2589 2595 2605 2613 2619 2626 2651 2652 2657 2659 2668 2670 2674 2678 2681 2683 2694 2698 2699 2704 2708 2719 2733 2745 2752 2753 2754 2773 2775 2779 2780 2782 2783 2789 2795 2798 2817 2826 2849 2853 2855 2856 2858 2865 2874 2879 2880 2885 2887 2891 2892 2893 2908 2913 2924 2927 2928 2937 2938 2960 2961 2966 2967 2968 2969 2970 2971 2992 2994 3000 3001 3011 3015 3031 3038 3041 3045 3063 3076 3085 3086 3088 3090 3092 3096 3097 3112 3113 3118 3119 3126 3129 3131 3135 3142 3162 3164 3166 3170 3172 3174 3177 3178 3187 3203 3204 3208 3209 3221 3225 3227 3229 3232 3233 3243 3244 3246 3250 3274 3275 3277 3293 3294 3313 3322 3323 3325 3328 3329 3330 3337 3339 3340 3345 3360 3361 3363 3378 3384 3385 3386 3392 3410 3427 3429 3437 3445 3447 3462 3473 3474 3475 3482 3483 3487 3492 3520 3523 3524 3528 3532 3534 3535 3540 3544 3551 3561 3565 3570 3585 3590 3591 3620 3632 3636 3637 3638 3639 3648 3652 3666 3677 3692 3719 3720 3723 3737 3757 3758 3768 3782 3810 3816 3821 3822 3829 3831 3840 3847 3852 3860 3869 3870 3871 3892 3893 3895 3908 3912 3932 3935 3940 3946 3948 3950 3975 3981 3983 3984 3985 3986 3991 3995 4014 4017 4018 4037 4040 4045 4047 4061 4068 4084 4087 4096 4103 4108 4114 4116 4130 4132 4143 4144 4145 4159 4161 4164 4178 4182 4186 4201 4219 4227 4233 4235 4237 4238 4242 4245 4246 4249 4250 4253 4254 4267 4270 4277 4282 4287 4288 4290 4292 4293 4298 4302 4303 4314 4319 4329 4341 4343 4350 4359 4366 4393 4396 4399 4406 4408 4411 4412 4413 4421 4431 4433 4444 4460 4461 4473 4482 4490 4491 4492 4499 4507 4515 4525 4526 4529 4532 4549 4559 4560 4569 4570 4596 4603 4612 4619 4621 4623 4626 4643 4655 4670 4685 4696 4697 4698 4700 4707 4734 4743 4749 4752 4757 4759 4761 4762 4774 4779 4781 4789 4790 4791 4812 4818 4827 4842 4849 4858 4874 4875 4887 4888 4889 4891 4913 4933 4942 4943 4960 4963 4981 4995 5011 5014 5020 5022 5023 5029 5070 5074 5096 5104 5127 5135 5137 5145 5172 5198 5200 5206 5222 5232 5239 5243 5245 5263 5266 5269 5280 5291 5296 5300 5309 5315 5318 5330 5333 5339 5340 5349 5350 5368 5380 5384 5386 5401 5403 5405 5406 5413 5414 5415 5419 5421 5439 5446 5449 5454 5460 5462 5480 5481 5483 5486 5488 5501 5510 5511 5512 5516 5533 5539 5541 5542 5544 5577 5587 5597 5604 5605 5624 5632 5635 5639 5644 5654 5667 5675 5679 5680 5686 5688 5698 5699 5705 5720 5770 5774 5775 5781 5785 5793 5796 5806 5818 5829 5834 5864 5870 5875 5879 5899 5925 5926 5933 5940 5956 5967 5970 5971 5972 5975 5979 5999 6011 6015 6022 6038 6043 6052 6056 6071 6084 6092 6094 6095 6115 6117 6132 6138 6140 6141 6156 6158 6159 6163 6164 6178 6181 6182 6184 6195 6199 6209 6214 6227 6229 6234 6235 6258 6260 6262 6265 6267 6268 6269 6280 6282 6283 6284 6290 6294 6315 6316 6323 6332 6335 6338 6354 6358 6359 6368 6390 6392 6405 6407 6424 6428 6432 6435 6438 6439 6444 6445 6448 6453 6455 6456 6469 6480 6487 6488 6494 6498 6507 6511 6524 6525 6534 6535 6544 6549 6556 6559 6572 6575 6582 6586 6587 6590 6596 6598 6614 6618 6631 6632 6644 6658 6660 6661 6671 6676 6681 6682 6685 6700 6702 6703 6706 6717 6718 6724 6726 6727 6734 6742 6760 6772 6777 6788 6803 6804 6806 6817 6827 6829 6854 6883 6903 6907 6908 6909 6911 6915 6927 6944 6950 6955 6963 6964 6971 6990 6991 6996 6997 7003 7008 7012 7032 7033 7039 7044 7045 7047 7056 7057 7069 7081 7091 7093 7098 7101 7105 7116 7133 7134 7137 7150 7154 7155 7161 7175 7196 7200 7201 7203 7211 7213 7218 7223 7225 7242 7244 7248 7249 7250 7253 7269 7280 7281 7287 7296 7297 7303 7304 7312 7314 7317 7323 7326 7331 7336 7345 7349 7350 7353 7369 7371 7381 7397 7408 7434 7440 7444 7445 7447 7451 7453 7458 7464 7467 7471 7478 7491 7496 7514 7522 7523 7524 7525 7526 7527 7528 7544 7553 7556 7558 7564 7567 7584 7612 7614 7615 7619 7620 7629 7647 7648 7665 7669 7670 7674 7675 7676 7680 7682 7689 7691 7698 7699 7701 7702 7705 7709 7714 7715 7727 7728 7729 7732 7734 7753 7754 7755 7757 7762 7763 7765 7780 7783 7786 7787 7791 7794 7799 7815 7816 7827 7830 7832 7835 7866 7868 7869 7880 7887 7894 7903 7917 7918 7919 7920 7921 7922 7928 7929 7937 7941 7949 7952 7964 7969 7982 8008 8010 8017 8021 8022 8023 8040 8042 8044 8049 8053 8054 8057 8058 8061 8069 8082 8083 8088 8090 8097 8103 8107 8115 8126 8131 8138 8144 8148 8170 8174 8176 8178 8179 8187 8191 8201 8205 8215 8219 8229 8237 8259 8260 8268 8277 8278 8295 8298 8305 8309 8318 8319 8321 8330 8336 8337 8340 8344 8352 8358 8365 8372 8391 8393 8406 8411 8412 8413 8416 8417 8420 8426 8436 8445 8450 8451 8463 8465 8472 8473 8476 8481 8482 8487 8496 8497 8498 8500 8509 8516 8586 8591 8595 8596 8611 8612 8614 8620 8633 8634 8635 8648 8651 8652 8659 8660 8661 8663 8669 8673 8684 8691 8693 8712 8714 8731 8738 8768 8783 8784 8797 8799 8802 8803 8815 8826 8834 8849 8852 8853 8855 8860 8870 8873 8882 8885 8889 8902 8912 8916 8922 8947 8953 8977 8989 8993 8996 8999 9004 9005 9006 9007 9009 9016 9017 9020 9045 9047 9057 9061 9065 9068 9072 9074 9079 9080 9093 9106 9115 9129 9130 9131 9134 9142 9146 9162 9176 9194 9211 9236 9240 9241 9261 9262 9271 9272 9307 9309 9312 9317 9333 9334 9336 9337 9338 9350 9355 9356 9357 9360 9363 9364 9367 9373 9386 9387 9388 9391 9397 9416 9417 9427 9440 9441 9442 9449 9462 9466 9469 9470 9471 9474 9476 9483 9490 9492 9495 9500 9513 9521 9527 9530 9531 9543 9545 9553 9558 9572 9574 9575 9580 9581 9600 9601 9602 9610 9611 9620 9654 9655 9656 9657 9665 9667 9673 9674 9688 9692 9693 9696 9697 9698 9699 9702 9710 9711 9717 9718 9719 9735 9736 9737 9739 9745 9747 9750 9755 9756 9764 9766 9772 9789 9790 9817 9819 9822 9823 9840 9841 9842 9843 9861 9862 9872 9873 9877 9893 9901 9908 9909 9913 9915 9926 9931 9936 9944 9947 9955 9971 9975 9988 10003 10008 10012 10021 10023 10064 10066 10072 10076 10077 10078 10080 10091 10107 10108 10109 10131 10132 10142 10156 10163 10175 10196 10201 10202 10211 10220 10221 10232 10233 10234 10235 10240 10260 10267 10277 10278 10283 10284 10287 10288 10289 10290 10308 10313 10319 10329 10349 10358 10359 10365 10367 10371 10374 10375 10391 10401 10404 10405 10406 10407 10408 10409 10418 10422 10423 10425 10428 10434 10440 10441 10442 10448 10451 10463 10464 10467 10482 10484 10486 10489 10495 10498 10500 10509 10515 10518 10524 10527 10528 10532 10537 10540 10545 10548 10559 10560 10561 10562 10563 10565 10571 10574 10576 10580 10582 10596 10607 10608 10626 10630 10632 10641 10647 10661 10666 10674 10676 10682 10687 10688 10692 10709 10717 10719 10722 10729 10738 10744 10789 10801 10824 10844 10848 10867 10872 10905 10906 10918 10919 10924 10925 10937 10940 10943 10950 10964 10966 10972 10979 10980 10984 10987 10997 10998 11008 11009 11011 11012 11016 11019 11035 11047 11051 11054 11075 11078 11089 11090 11091 11105 11120 11121 11124 11125 11130 11145 11147 11150 11172 11174 11180 11184 11199 11202 11203 11229 11247 11248 11253 11271 11276 11279 11285 11291 11296 11299 11305 11306 11313 11336 11345 11346 11352 11354 11355 11358 11359 11360 11361 11375 11382 11390 11417 11420 11425 11431 11440 11444 11452 11476 11477 11478 11479 11482 11497 11502 11506 11509 11511 11512 11514 11516 11518 11525 11529 11543 11550 11551 11556 11558 11559 11580 11586 11588 11589 11613 11632 11644 11651 11653 11655 11660 11668 11670 11675 11684 11689 11693 11698 11703 11707 11710 11711 11719 11726 11728 11732 11740 11752 11753 11756 11758 11761 11762 11770 11771 11784 11793 11794 11809 11815 11826 11832 11834 11839 11845 11847 11855 11856 11858 11859 11860 11861 11863 11877 11879 11891 11892 11895 11901 11906 11913 11919 11922 11927 11935 11953 11960 11961 11971 11982 11988 12006 12007 12016 12021 12031 12040 12044 12046 12049 12063 12066 12074 12081 12088 12096 12111 12113 12114 12127 12133 12148 12158 12168 12174 12176 12180 12182 12198 12203 12204 12206 12214 12221 12224 12241 12245 12250 12251 12262 12265 12266 12270 12271 12278 12279 12291 12301 12328 12330 12344 12348 12351 12353 12375 12385 12387 12389 12391 12392 12397 12398 12426 12436 12437 12441 12448 12449 12462 12465 12466 12476 12492 12514 12517 12528 12553 12554 12555 12558 12573 12577 12580 12586 12612 12621 12623 12624 12634 12638 12653 12654 12655 12661 12662 12663 12676 12677 12715 12716 12719 12723 12724 12728 12740 12743 12759 12760 12766 12775 12779 12795 12796 12797 12804 12818 12820 12825 12838 12840 12845 12847 12850 12864 12868 12874 12890 12894 12902 12919 12925 12928 12936 12949 12956 12964 12966 12968 12978 12985 12990 12993 12994 12995 13008 13011 13014 13018 13022 13025 13053 13054 13055 13057 13066 13067 13068 13069 13070 13071 13072 13078 13079 13083 13085 13108 13109 13110 13112 13121 13125 13128 13135 13136 13152 13154 13158 13159 13167 13177 13180 13187 13191 13195 13203 13204 13205 13216 13221 13233 13238 13243 13247 13250 13257 13268 13273 13281 13282 13287 13293 13295 13302 13306 13308 13310 13320 13328 13333 13339 13357 13362 13363 13371 13373 13375 13376 13380 13385 13390 13406 13407 13436 13439 13459 13460 13466 13467 13475 13478 13495 13502 13535 13539 13588 13593 13601 13608 13623 13624 13646 13650 13654 13661 13673 13674 13675 13676 13677 13678 13679 13687 13689 13706 13712 13719 13727 13728 13729 13735 13741 13752 13755 13757 13778 13786 13788 13791 13800 13802 13803 13810 13811 13812 13814 13823 13834 13845 13846 13856 13857 13877 13891 13894 13899 13900 13904 13920 13921 13927 13945 13947 13949 13957 13985 13986 13988 14008 14010 14017 14032 14036 14041 14052 14053 14057 14058 14062 14107 14111 14113 14126 14135 14174 14195 14200 14203 14204 14221 14223 14226 14244 14245 14249 14252 14268 14272 14273 14284 14296 14297 14298 14299 14307 14309 14313 14317 14322 14325 14326 14333 14338 14353 14354 14355 14369 14370 14371 14379 14381 14388 14390 14396 14416 14425 14430 14431 14444 14454 14461 14462 14463 14464 14474 14479 14482 14492 14495 14496 14504 14505 14507 14511 14515 14517 14525 14526 14527 14538 14556 14560 14564 14565 14574 14577 14584 14594 14602 14615 14627 14629 14630 14644 14650 14652 14655 14666 14668 14669 14699 14700 14701 14717 14740 14746 14763 14778 14787 14788 14801 14812 14836 14837 14839 14868 14872 14873 14879 14880 14883 14889 14895 14899 14903 14906 14911 14917 14934 14939 14944 14956 14970 14987 15004 15005 15006 15007 15008 15024 15029 15031 15054 15055 15056 15063 15074 15096 15098 15099 15101 15103 15105 15116 15117 15130 15132 15139 15142 15152 15155 15178 15192 15199 15202 15207 15215 15224 15233 15239 15244 15249 15256 15279 15280 15284 15294 15299 15308 15310 15319 15320 15321 15323 15329 15330 15331 15335 15342 15345 15348 15349 15355 15389 15396 15399 15409 15412 15415 15416 15432 15437 15440 15446 15449 15458 15459 15460 15461 15465 15471 15473 15481 15484 15485 15489 15491 15492 15501 15510 15536 15538 15540 15542 15549 15563 15569 15570 15571 15572 15573 15574 15579 15591 15608 15612 15626 15629 15650 15651 15660 15667 15668 15671 15689 15704 15709 15718 15723 15725 15732 15733 15736 15738 15739 15742 15752 15766 15775 15776 15793 15798 15800 15803 15806 15808 15817 15818 15830 15834 15835 15837 15844 15847 15850 15851 15859 15862 15864 15872 15877 15879 15880 15887 15893 15899 15917 15928 15930 15935 15936 15947 15952 15954 15961 15970 15971 15976 15981 15985 15987 15989 16009 16011 16012 16020 16030 16034 16044 16049 16050 16060 16061 16065 16066 16071 16073 16077 16095 16097 16108 16115 16122 16129 16130 16136 16143 16151 16156 16174 16179 16183 16188 16189 16192 16193 16207 16232 16237 16240 16245 16255 16263 16275 16291 16294 16297 16301 16303 16314 16324 16327 16329 16330 16336 16343 16347 16354 16359 16362 16379 16383 16390 16397 16402 16419 16424 16430 16440 16442 16443 16449 16450 16455 16460 16465 16468 16483 16487 16508 16510 16511 16513 16518 16524 16526 16540 16547 16550 16556 16574 16575 16578 16582 16585 16591 16592 16594 16605 16606 16607 16611 16627 16643 16647 16648 16655 16656 16657 16664 16665 16666 16676 16677 16688 16694 16702 16708 16709 16714 16716 16717 16725 16728 16731 16733 16736 16737 16752 16761 16762 16763 16764 16766 16767 16786 16791 16792 16802 16819 16824 16832 16833 16836 16839 16846 16848 16856 16861 16865 16874 16878 16897 16907 16908 16909 16921 16932 16933 16938 16944 16945 16946 16951 16958 16966 16983 16984 16990 16991 16994 16995 17001 17002 17021 17051 17052 17053 17081 17095 17105 17108 17125 17139 17141 17152 17162 17168 17172 17173 17175 17177 17180 17186 17188 17193 17198 17201 17228 17232 17266 17279 17285 17288 17289 17309 17311 17317 17326 17327 17339 17343 17348 17353 17354 17355 17357 17363 17375 17396 17398 17399 17405 17415 17416 17426 17429 17434 17447 17452 17455 17465 17466 17472 17480 17493 17502 17512 17515 17519 17521 17523 17544 17552 17557 17560 17566 17567 17576 17579 17585 17589 17594 17608 17612 17616 17617 17629 17639 17640 17644 17676 17680 17683 17696 17702 17703 17714 17716 17722 17750 17757 17760 17777 17779 17784 17789 17795 17805 17811 17813 17814 17843 17858 17865 17868 17876 17882 17899 17903 17906 17912 17913 17914 17915 17921 17923 17933 17940 17946 17960 17971 17975 17983 17984 17991 17992 18004 18011 18013 18026 18030 18038 18042 18045 18046 18050 18056 18069 18093 18095 18096 18098 18103 18111 18114 18115 18126 18132 18141 18148 18154 18155 18156 18163 18174 18194 18195 18206 18216 18219 18225 18226 18229 18235 18238 18239 18247 18252 18260 18262 18274 18301 18312 18314 18317 18319 18320 18324 18325 18338 18342 18360 18380 18394 18395 18396 18399 18401 18402 18405 18417 18418 18421 18424 18431 18432 18433 18439 18441 18442 18444 18447 18455 18468 18469 18474 18483 18492 18495 18506 18515 18520 18523 18532 18537 18541 18542 18543 18547 18549 18554 18555 18572 18582 18583 18588 18591 18595 18603 18607 18611 18627 18633 18646 18648 18652 18653 18673 18681 18691 18697 18701 18702 18716 18721 18725 18728 18737 18738 18741 18755 18757 18764 18767 18782 18783 18794 18800 18806 18820 18822 18825 18832 18846 18851 18852 18871 18881 18885 18894 18897 18898 18899 18900 18913 18921 18927 18928 18934 18942 18947 18952 18957 18965 18969 18985 19001 19003 19023 19039 19046 19050 19053 19059 19072 19073 19094 19097 19105 19106 19111 19120 19132 19136 19138 19139 19154 19169 19175 19176 19180 19186 19195 19204 19213 19214 19218 19221 19224 19233 19236 19238 19243 19253 19256 19259 19263 19275 19289 19291 19311 19338 19360 19364 19365 19367 19368 19371 19372 19375 19381 19394 19395 19415 19428 19431 19444 19446 19453 19469 19477 19481 19482 19492 19498 19508 19516 19519 19520 19521 19522 19533 19538 19560 19565 19566 19568 19574 19581 19583 19592 19593 19606 19613 19626 19630 19638 19639 19651 19655 19661 19679 19681 19682 19693 19697 19698 19699 19709 19710 19721 19722 19723 19730 19733 19738 19743 19746 19747 19751 19753 19754 19758 19768 19769 19778 19783 19789 19791 19796 19804 19809 19816 19830 19842 19845 19846 19852 19853 19854 19861 19865 19876 19901 19908 19926 19928 19929 19931 19941 19946 19952 19955 19956 19958 19959 19966 19975 19978 19986 19987 20010 20011 20013 20014 20027 20029 20031 20047 20051 20052 20060 20062 20064 20069 20080 20092 20093 20094 20096 20109 20110 20113 20116 20124 20132 20134 20139 20157 20171 20177 20190 20197 20198 20199 20201 20207 20212 20213 20220 20221 20233 20255 20258 20259 20261 20270 20272 20274 20277 20280 20286 20309 20314 20316 20326 20348 20351 20360 20367 20378 20381 20383 20385 20395 20402 20414 20417 20424 20430 20435 20445 20464 20473 20487 20501 20515 20520 20540 20542 20545 20546 20552 20553 20561 20569 20571 20573 20574 20581 20586 20604 20615 20619 20620 20623 20633 20634 20635 20639 20646 20648 20653 20654 20656 20659 20662 20669 20677 20680 20688 20703 20705 20706 20707 20708 20716 20744 20753 20755 20769 20814 20825 20826 20833 20844 20857 20858 20871 20874 20881 20898 20902 20905 20912 20918 20921 20923 20924 20925 20926 20931 20944 20947 20958 20975 21005 21015 21016 21018 21026 21033 21034 21047 21049 21057 21058 21061 21064 21074 21078 21081 21082 21088 21093 21094 21100 21109 21110 21114 21128 21130 21142 21150 21153 21158 21188 21202 21208 21220 21223 21224 21231 21238 21243 21257 21258 21259 21260 21265 21278 21286 21287 21292 21294 21299 21301 21311 21316 21323 21330 21331 21336 21343 21345 21348 21349 21352 21357 21359 21369 21375 21384 21385 21400 21411 21430 21458 21465 21475 21488 21493 21494 21496 21512 21514 21530 21535 21563 21566 21567 21571 21583 21584 21587 21589 21600 21601 21602 21616 21633 21650 21652 21654 21662 21668 21675 21686 21691 21698 21704 21719 21742 21743 21744 21748 21750 21753 21760 21764 21767 21770 21776 21777 21796 21803 21804 21823 21825 21826 21827 21838 21842 21843 21844 21845 21856 21876 21877 21879 21886 21890 21891 21892 21893 21902 21910 21914 21919 21924 21927 21933 21943 21959 21960 21962 21981 21983 21997 22003 22020 22028 22030 22037 22040 22045 22051 22063 22081 22088 22089 22102 22103 22118 22124 22142 22145 22148 22152 22159 22166 22167 22171 22178 22184 22187 22194 22196 22199 22220 22237 22240 22252 22255 22256 22259 22290 22299 22303 22305 22306 22311 22318 22319 22333 22347 22382 22383 22384 22385 22386 22387 22394 22395 22399 22401 22403 22408 22409 22421 22427 22446 22453 22459 22464 22471 22475 22481 22494 22497 22498 22513 22514 22527 22531 22581 22589 22591 22607 22608 22609 22610 22625 22627 22636 22638 22641 22642 22643 22644 22651 22655 22656 22666 22673 22679 22688 22692 22694 22695 22699 22712 22717 22722 22724 22725 22729 22730 22738 22739 22740 22742 22754 22770 22775 22779 22787 22793 22794 22795 22806 22807 22808 22811 22812 22817 22818 22819 22820 22821 22828 22841 22847 22862 22866 22867 22869 22874 22877 22889 22892 22898 22915 22925 22926 22935 22940 22950 22951 22956 22961 22967 22971 22984 22987 22990 22999 23000 23006 23019 23020 23028 23031 23035 23048 23051 23055 23068 23074 23076 23078 23090 23092 23096 23104 23106 23113 23114 23117 23135 23136 23140 23152 23153 23156 23158 23161 23169 23188 23206 23208 23209 23211 23217 23231 23235 23246 23249 23252 23257 23258 23271 23274 23275 23277 23283 23288 23304 23307 23308 23316 23322 23323 23324 23325 23331 23332 23335 23341 23342 23372 23377 23383 23390 23392 23394 23406 23408 23411 23425 23427 23433 23435 23444 23445 23461 23468 23474 23480 23486 23488 23499 23510 23539 23540 23541 23548 23551 23557 23560 23569 23577 23585 23600 23612 23632 23633 23635 23648 23649 23660 23665 23667 23668 23671 23679 23682 23686 23691 23696 23697 23704 23705 23726 23729 23737 23738 23739 23741 23742 23748 23751 23759 23761 23762 23764 23770 23771 23777 23778 23780 23790 23793 23799 23815 23820 23827 23849 23861 23870 23880 23909 23928 23929 23930 23941 23948 23955 23956 23962 23974 23979 23990 23991 23994 24023 24032 24033 24038 24040 24042 24046 24049 24067 24068 24069 24070 24085 24089 24094 24117 24122 24123 24125 24138 24141 24150 24171 24174 24175 24176 24177 24182 24187 24196 24207 24231 24266 24267 24291 24294 24298 24323 24324 24328 24334 24343 24349 24351 24355 24358 24364 24366 24380 24387 24388 24396 24412 24424 24438 24440 24447 24449 24453 24459 24467 24473 24474 24480 24483 24500 24509 24511 24515 24518 24523 24524 24529 24536 24544 24558 24561 24568 24570 24576 24577 24579 24587 24593 24595 24604 24605 24617 24628 24631 24632 24633 24637 24643 24649 24651 24653 24660 24661 24662 24670 24677 24678 24680 24686 24690 24691 24696 24702 24713 24714 24715 24723 24724 24734 24736 24754 24763 24772 24773 24776 24787 24802 24808 24817 24818 24825 24830 24832 24845 24846 24853 24863 24864 24875 24905 24906 24908 24910 24915 24918 24919 24920 24933 24934 24937 24940 24958 24969 24974 24977 24978 24983 24987 24988 24999 25014 25020 25034 25048 25051 25059 25064 25065 25066 25078 25081 25082 25084 25089 25095 25098 25114 25118 25124 25129 25132 25135 25143 25147 25150 25161 25169 25177 25184 25204 25219 25224 25227 25230 25231 25233 25250 25257 25259 25264 25267 25268 25280 25287 25294 25315 25316 25339 25340 25343 25353 25358 25362 25364 25372 25374 25403 25405 25412 25423 25425 25444 25447 25450 25451 25462 25463 25469 25470 25487 25489 25501 25503 25504 25519 25522 25538 25556 25565 25568 25569 25575 25579 25588 25592 25596 25597 25598 25604 25608 25613 25619 25623 25633 25636 25646 25651 25655 25662 25668 25669 25676 25681 25692 25699 25707 25710 25723 25728 25731 25736 25738 25740 25749 25752 25758 25760 25767 25772 25801 25804 25808 25812 25813 25846 25847 25848 25849 25869 25872 25880 25888 25889 25900 25902 25905 25914 25922 25927 25936 25940 25949 25950 25951 25952 25953 25955 25960 25980 25988 25989 25994 26002 26023 26036 26044 26045 26071 26080 26082 26083 26092 26095 26096 26097 26098 26099 26107 26109 26116 26119 26129 26145 26151 26155 26161 26189 26202 26209 26237 26248 26251 26254 26265 26270 26271 26280 26284 26287 26301 26309 26327 26337 26342 26345 26369 26370 26382 26390 26391 26407 26414 26422 26431 26438 26439 26445 26447 26453 26476 26483 26497 26499 26518 26530 26533 26534 26545 26552 26554 26555 26556 26560 26572 26582 26586 26593 26594 26600 26605 26622 26632 26645 26650 26668 26677 26687 26697 26714 26715 26738 26743 26745 26746 26754 26759 26768 26775 26787 26789 26796 26797 26798 26821 26828 26832 26857 26864 26905 26906 26908 26914 26922 26923 26925 26938 26939 26944 26946 26947 26959 26960 26964 26965 26969 26971 26981 26985 26987 26995 26999 27000 27015 27016 27017 27026 27028 27029 27030 27032 27037 27049 27052 27053 27056 27058 27069 27078 27082 27103 27110 27122 27126 27143 27164 27177 27184 27223 27224 27232 27234 27235 27249 27251 27256 27261 27269 27271 27279 27294 27303 27307 27308 27312 27314 27324 27327 27328 27335 27345 27348 27363 27371 27373 27378 27381 27384 27408 27441 27442 27449 27451 27458 27462 27470 27499 27507 27509 27510 27512 27513 27514 27517 27526 27527 27529 27559 27571 27578 27586 27587 27592 27603 27613 27624 27630 27643 27647 27653 27663 27680 27682 27686 27697 27699 27700 27701 27705 27720 27722 27723 27728 27732 27743 27744 27748 27751 27754 27757 27789 27798 27801 27816 27833 27834 27835 27837 27851 27859 27890 27894 27905 27916 27920 27931 27934 27941 27951 27952 27955 27958 27987 28004 28010 28017 28019 28032 28059 28070 28074 28085 28086 28104 28110 28112 28136 28143 28149 28171 28173 28188 28200 28216 28223 28228 28229 28239 28245 28255 28258 28278 28280 28285 28289 28290 28291 28297 28299 28300 28315 28316 28325 28341 28344 28353 28358 28359 28367 28368 28374 28384 28396 28399 28402 28404 28405 28408 28417 28431 28458 28465 28478 28479 28493 28507 28515 28518 28519 28521 28522 28525 28539 28548 28553 28554 28568 28569 28578 28580 28583 28600 28605 28606 28609 28617 28620 28623 28626 28636 28644 28649 28657 28658 28660 28665 28676 28685 28698 28699 28717 28731 28732 28762 28769 28772 28775 28779 28780 28784 28798 28807 28813 28829 28831 28836 28860 28865 28869 28874 28877 28880 28885 28886 28898 28913 28922 28937 28943 28945 28947 28948 28953 28954 28961 28967 28970 28983 28984 28985 28986 28987 28989 28996 28999 29018 29035 29040 29049 29050 29071 29088 29093 29096 29097 29105 29134 29136 29146 29155 29156 29157 29169 29184 29195 29203 29204 29213 29235 29247 29249 29257 29259 29281 29289 29301 29314 29319 29321 29323 29330 29336 29361 29366 29369 29401 29403 29438 29443 29445 29466 29475 29486 29487 29496 29497 29499 29504 29509 29510 29511 29512 29514 29515 29523 29529 29532 29540 29542 29576 29577 29584 29586 29588 29592 29600 29604 29605 29616 29628 29632 29634 29636 29638 29642 29658 29662 29663 29665 29676 29685 29687 29689 29693 29717 29719 29726 29727 29729 29732 29736 29761 29767 29770 29775 29785 29792 29803 29812 29820 29848 29850 29852 29854 29855 29858 29868 29884 29893 29905 29909 29912 29914 29928 29948 29951 29975 29981 29999 30000 30001 30018 30028 30046 30063 30071 30079 30088 30089 30091 30098 30116 30118 30123 30136 30138 30141 30144 30145 30162 30165 30167 30169 30170 30171 30172 30181 30182 30191 30199 30205 30209 30217 30218 30230 30235 30238 30253 30258 30264 30265 30266 30271 30278 30288 30290 30299 30302 30304 30305 30306 30322 30325 30329 30330 30331 30340 30349 30396 30398 30400 30403 30406 30410 30414 30424 30427 30432 30433 30439 30448 30461 30463 30464 30465 30467 30472 30473 30475 30478 30483 30485 30498 30504 30506 30513 30522 30523 30527 30533 30540 30542 30556 30561 30562 30578 30587 30599 30609 30611 30614 30624 30625 30632 30633 30636 30669 30675 30687 30688 30694 30695 30712 30716 30718 30724 30729 30743 30752 30759 30775 30776 30780 30786 30791 30792 30803 30807 30818 30829 30837 30839 30840 30845 30855 30858 30863 30864 30871 30873 30883 30884 30890 30907 30918 30921 30930 30936 30943 30948 30949 30960 30967 30976 30982 31004 31008 31010 31012 31013 31021 31027 31037 31044 31065 31081 31082 31094 31101 31103 31105 31111 31135 31148 31149 31154 31162 31163 31164 31204 31206 31216 31218 31228 31230 31234 31236 31243 31244 31259 31285 31287 31292 31301 31311 31315 31321 31329 31331 31335 31336 31338 31342 31355 31365 31371 31377 31386 31398 31409 31427 31430 31434 31440 31444 31456 31474 31476 31482 31485 31509 31510 31518 31519 31525 31526 31527 31528 31534 31539 31540 31546 31548 31553 31572 31576 31577 31586 31592 31595 31597 31603 31608 31616 31617 31618 31638 31643 31654 31655 31658 31689 31697 31698 31713 31715 31716 31717 31718 31720 31726 31732 31738 31743 31750 31752 31768 31771 31784 31799 31801 31802 31805 31808 31809 31812 31813 31816 31818 31824 31840 31845 31859 31862 31867 31871 31884 31890 31893 31894 31895 31897 31904 31909 31912 31916 31922 31923 31925 31926 31934 31935 31941 31948 31951 31959 31978 31979 31986 32001 32002 32004 32005 32014 32018 32022 32029 32038 32042 32046 32047 32063 32070 32072 32075 32080 32109 32127 32132 32145 32160 32161 32171 32180 32181 32190 32193 32203 32214 32233 32234 32235 32241 32249 32250 32257 32270 32274 32275 32283 32286 32296 32303 32327 32329 32340 32345 32351 32363 32382 32383 32388 32397 32401 32402 32411 32413 32414 32415 32416 32419 32420 32426 32435 32446 32493 32503 32507 32522 32525 32530 32534 32536 32545 32551 32564 32567 32579 32581 32587 32588 32620 32627 32628 32629 32639 32647 32656 32661 32667 32682 32694 32696 32703 32710 32729 32735 32742 32743 32750 32751 32764 32766 32775 32782 32785 32793 32801 32804 32808 32810 32812 32814 32838 32840 32844 32849 32850 32854 32859 32866 32870 32889 32890 32892 32901 32902 32903 32904 32908 32909 32911 32920 32923 32938 32952 32956 32957 32960 32963 32965 32968 32972 32978 32981 32985 32992 32994 32997 33001 33010 33016 33020 33022 33030 33035 33041 33046 33054 33062 33066 33074 33076 33080 33090 33105 33106 33124 33125 33145 33152 33158 33162 33169 33171 33185 33198 33205 33211 33222 33225 33233 33244 33251 33252 33266 33272 33278 33279
253 249 256 296 242 306 278 275 266 266 289 271 320 303 293 325 277 325 333 320 341 308 355 355 379 377 396 416 419 411 427 459 461 445 454 450 467 470 485 490 489 485 516 521 515 516 554 516 530 565 574 573 615 591 594 579 598 635 595 593 606 637 616 656 591 661 646 636 640 645 696 657 695 709 694 720 694 722 723 764 709 718 701 737 762 802 768 771 783 834 793 835 836 791 832 836 882 849 856 896 879 865 865 914 916 904 958 953 933 934 941 916 955 971 975 936 966 968 1013 998 1038 1008 1034 1026 1014 1069 1034 1079 1063 1057 1074 1063 1071 1118 1119 1101 1098 1108 1103 1117 1122 1170 1159 1168 1150 1173 1223 1167 1186 1184 1204 1189 1238 1236 1184 1250 1288 1289 1241 1264 1257 1287 1318 1346 1304 1366 1338 1359 1345 1330 1342 1374 1363 1368 1364 1417 1395 1432 1441 1395 1411 1421 1449 1459 1452 1478 1463 1471 1500 1529 1503 1497 1515 1504 1557 1548 1551 1534 1581 1562 1572 1581 1588 1587 1618 1618 1617 1660 1649 1665 1620 1675 1667 1704 1679 1683 1643 1680 1682 1682 1681 1733 1721 1715 1763 1731 1735 1754 1772 1799 1763 1781 1794 1816 1784 1836 1851 1849 1882 1883 1831 1839 1851 1843 1913 1900 1920 1903 1912 1900 1947 1923 1926 1918 1934 1956 1948 1953 1960 1955 1956 1963 1966 2000 1954 1979 1985 1990 1989 1970 1994 1975 2002 2008 2005 2033 1999 2028 2015 2038 2064 2031 1997 2041 2047 2040 2106 2124 2111 2139 2162 2121 2116 2137 2125 2111 2159 2139 2164 2192 2177 2160 2171 2192 2206 2237 2222 2207 2215 2223 2283 2253 2260 2257 2271 2289 2271 2285 2282 2284 2303 2295 2315 2318 2318 2336 2352 2361 2338 2360 2383 2358 2389 2391 2428 2406 2407 2399 2398 2416 2433 2434 2438 2509 2483 2476 2511 2514 2476 2455 2489 2511 2510 2512 2505 2503 2559 2556 2540 2552 2552 2614 2624 2659 2632 2639 2669 2626 2643 2659 2651 2702 2678 2664 2669 2693 2707 2658 2686 2740 2744 2726 2717 2752 2735 2756 2774 2769 2748 2742 2784 2788 2724 2752 2768 2779 2816 2802 2800 2796 2847 2815 2826 2849 2861 2861 2847 2893 2917 2901 2937 2933 2918 2918 2909 2927 2909 2944 2919 2964 2946 2973 2992 2973 2987 2975 3001 3004 3021 3023 3021 3006 3060 3027 3067 3068 3071 3057 3047 3089 3095 3095 3096 3084 3143 3122 3118 3111 3116 3129 3156 3113 3135 3173 3134 3174 3169 3159 3183 3177 3238 3157 3186 3190 3188 3209 3191 3249 3223 3272 3248 3221 3253 3288 3227 3311 3306 3310 3311 3302 3325 3317 3336 3332 3331 3346 3341 3335 3386 3383 3358 3365 3371 3352 3375 3365 3382 3429 3431 3448 3414 3418 3403 3426 3383 3443 3435 3454 3455 3467 3503 3467 3507 3458 3475 3493 3464 3496 3473 3522 3523 3473 3566 3536 3539 3570 3544 3546 3570 3577 3553 3602 3562 3605 3565 3581 3605 3613 3609 3607 3631 3651 3642 3630 3650 3668 3657 3641 3667 3693 3699 3716 3701 3724 3727 3760 3736 3743 3744 3766 3793 3758 3778 3758 3760 3767 3816 3805 3788 3835 3781 3811 3831 3868 3853 3878 3879 3877 3904 3890 3930 3916 3903 3957 3950 3964 3973 3976 3980 4000 4010 4003 4056 4094 4086 4087 4077 4073 4082 4068 4075 4138 4108 4091 4113 4088 4113 4115 4134 4135 4155 4177 4188 4169 4171 4181 4214 4212 4256 4230 4227 4251 4230 4235 4234 4290 4249 4268 4313 4310 4270 4303 4310 4305 4333 4319 4326 4356 4340 4381 4378 4378 4363 4394 4387 4424 4392 4395 4428 4413 4459 4440 4445 4458 4454 4455 4476 4459 4488 4489 4486 4491 4528 4473 4496 4540 4514 4500 4547 4531 4511 4510 4523 4533 4548 4498 4542 4553 4540 4550 4561 4566 4576 4632 4589 4671 4592 4649 4648 4647 4657 4643 4633 4665 4671 4656 4686 4725 4726 4713 4713 4738 4730 4715 4764 4730 4763 4765 4749 4752 4771 4775 4798 4808 4795 4835 4819 4843 4835 4869 4871 4863 4904 4863 4886 4914 4925 4940 4928 4971 4920 4980 5007 4987 4945 4975 4953 5024 4957 4983 5052 5044 5029 5028 5021 5014 5077 5057 5071 5084 5114 5098 5105 5148 5152 5136 5131 5117 5136 5164 5215 5169 5183 5241 5212 5215 5253 5256 5270 5270 5296 5277 5296 5339 5338 5325 5371 5358 5376 5366 5437 5429 5396 5471 5487 5453 5459 5491 5493 5494 5505 5511 5476 5530 5527 5526 5555 5536 5568 5572 5556 5570 5563 5599 5589 5564 5611 5580 5651 5627 5629 5636 5626 5657 5656 5638 5640 5686 5662 5711 5670 5732 5656 5704 5701 5712 5731 5682 5709 5745 5750 5761 5756 5789 5775 5781 5791 5765 5767 5819 5835 5793 5850 5847 5847 5874 5883 5889 5917 5902 5906 5923 5905 5922 5917 5919 5971 5964 5947 5943 5993 5997 6040 6004 6008 6037 6017 6056 6096 6055 6099 6106 6116 6125 6118 6172 6190 6149 6172 6171 6204 6198 6220 6221 6168 6221 6200 6239 6231 6293 6261 6269 6269 6294 6279 6313 6305 6370 6290 6339 6393 6348 6353 6361 6363 6387 6429 6400 6437 6403 6390 6399 6401 6424 6407 6426 6447 6429 6460 6447 6449 6430 6466 6454 6491 6504 6538 6507 6512 6513 6511 6532 6506 6549 6530 6559 6546 6555 6554 6552 6585 6580 6596 6598 6607 6614 6610 6613 6670 6630 6655 6667 6663 6658 6682 6670 6640 6710 6679 6699 6728 6721 6700 6728 6765 6738 6725 6729 6747 6742 6720 6745 6774 6800 6822 6791 6806 6801 6816 6798 6808 6830 6826 6821 6819 6818 6845 6896 6871 6863 6886 6923 6900 6900 6891 6920 6929 6928 6908 6920 6948 6981 6948 6948 6983 6966 6947 6967 6984 6982 7002 7037 7050 7009 7068 7024 7084 7082 7023 7068 7085 7122 7099 7128 7139 7140 7153 7135 7177 7175 7173 7203 7186 7242 7167 7216 7212 7238 7241 7249 7204 7232 7297 7229 7312 7286 7276 7273 7302 7278 7300 7301 7331 7316 7337 7347 7378 7362 7329 7412 7363 7428 7385 7395 7401 7414 7419 7478 7421 7449 7461 7457 7483 7465 7490 7482 7490 7494 7491 7496 7473 7511 7503 7504 7565 7574 7539 7553 7548 7533 7579 7540 7573 7552 7596 7576 7623 7614 7615 7618 7611 7619 7620 7637 7629 7665 7705 7665 7687 7687 7693 7701 7704 7684 7707 7717 7728 7733 7719 7762 7800 7749 7764 7767 7772 7777 7768 7740 7795 7787 7808 7829 7787 7807 7885 7862 7836 7861 7866 7871 7889 7879 7909 7892 7912 7897 7914 7924 7945 7878 7912 7956 7976 7925 7922 7898 7928 7974 7962 7980 7992 7993 7960 7953 7957 7973 7996 7986 7988 7985 7994 8030 8026 8023 8032 8029 8014 8067 7995 8038 8036 8053 8070 8097 8081 8106 8108 8100 8111 8126 8172 8168 8165 8166 8159 8140 8161 8143 8172 8160 8168 8164 8188 8196 8204 8208 8255 8258 8230 8248 8217 8262 8219 8282 8265 8267 8280 8297 8285 8299 8279 8309 8313 8313 8329 8366 8340 8320 8349 8349 8357 8404 8396 8403 8365 8369 8401 8452 8422 8418 8400 8431 8422 8441 8447 8480 8484 8477 8463 8507 8491 8491 8523 8526 8534 8538 8549 8555 8564 8550 8544 8572 8584 8563 8582 8586 8617 8584 8561 8637 8630 8589 8648 8651 8662 8636 8658 8682 8643 8676 8656 8687 8681 8699 8707 8730 8737 8704 8724 8707 8713 8731 8735 8736 8771 8720 8782 8739 8851 8822 8837 8835 8853 8862 8864 8843 8864 8884 8900 8869 8916 8872 8901 8902 8881 8883 8889 8869 8926 8912 8924 8990 8910 8977 8977 9014 9033 9026 9020 9043 9022 9034 9054 9068 9107 9088 9125 9103 9078 9102 9101 9069 9113 9111 9154 9152 9158 9194 9145 9173 9197 9200 9229 9213 9240 9230 9244 9247 9271 9272 9232 9239 9265 9216 9285 9312 9280 9284 9305 9291 9316 9316 9310 9276 9371 9348 9346 9325 9326 9370 9399 9362 9342 9388 9454 9425 9431 9514 9436 9489 9457 9504 9536 9468 9551 9574 9532 9582 9573 9574 9609 9533 9569 9598 9595 9552 9622 9602 9603 9560 9588 9651 9609 9629 9638 9639 9670 9666 9659 9658 9661 9685 9668 9672 9740 9710 9717 9735 9702 9722 9718 9731 9734 9723 9773 9726 9744 9717 9723 9772 9777 9816 9810 9818 9800 9812 9813 9801 9811 9859 9840 9843 9844 9830 9831 9841 9898 9894 9896 9880 9891 9940 9915 9870 9919 9957 9933 9961 9937 9924 9939 9952 9933 9907 9937 9938 9959 10008 9986 9960 9962 10018 9970 9971 10020 9976 10012 9987 9992 10033 10032 10038 10097 10068 10019 10063 10083 10107 10069 10126 10082 10093 10138 10121 10135 10127 10129 10132 10144 10146 10172 10181 10167 10190 10197 10197 10194 10201 10253 10268 10273 10235 10217 10269 10284 10286 10314 10296 10342 10328 10303 10337 10372 10304 10332 10381 10363 10390 10406 10436 10398 10419 10449 10480 10432 10462 10461 10453 10475 10455 10500 10463 10491 10540 10473 10517 10479 10515 10510 10514 10531 10510 10554 10559 10558 10575 10575 10578 10585 10607 10640 10615 10597 10648 10633 10643 10646 10625 10648 10649 10631 10635 10696 10662 10649 10648 10674 10712 10713 10637 10662 10713 10716 10659 10687 10706 10703 10726 10764 10728 10737 10763 10750 10787 10746 10791 10763 10769 10759 10774 10757 10805 10741 10813 10779 10780 10781 10801 10805 10843 10817 10847 10807 10819 10805 10819 10830 10839 10849 10861 10828 10837 10843 10903 10897 10905 10926 10908 10929 10961 10923 10974 10948 10958 10966 10979 10977 10983 11010 11032 11066 11086 11079 11090 11122 11147 11171 11160 11184 11150 11148 11183 11190 11193 11192 11229 11189 11192 11205 11222 11234 11233 11247 11237 11273 11249 11250 11238 11247 11242 11274 11278 11282 11319 11325 11326 11315 11329 11369 11328 11385 11365 11374 11348 11395 11365 11373 11400 11395 11424 11426 11457 11472 11423 11423 11479 11512 11513 11492 11536 11507 11557 11535 11537 11561 11520 11578 11552 11544 11578 11589 11566 11596 11574 11597 11589 11590 11602 11587 11601 11624 11655 11640 11651 11621 11681 11663 11694 11675 11707 11708 11724 11718 11726 11741 11723 11771 11749 11776 11777 11779 11742 11783 11748 11771 11789 11790 11816 11821 11789 11755 11820 11825 11814 11820 11836 11855 11864 11882 11918 11920 11856 11888 11918 11906 11957 11967 11935 11929 11943 11933 11954 11989 11958 11968 11951 11976 11986 11975 11976 11982 12006 12000 11993 12020 12017 12026 12033 12036 12040 12036 12049 12055 12073 12078 12110 12112 12078 12104 12097 12055 12125 12100 12059 12155 12102 12130 12123 12118 12149 12179 12178 12167 12166 12166 12185 12218 12233 12203 12236 12224 12208 12226 12203 12256 12271 12251 12286 12294 12267 12272 12309 12289 12320 12304 12311 12342 12337 12336 12360 12392 12411 12390 12400 12364 12424 12441 12445 12447 12446 12476 12448 12429 12456 12465 12474 12489 12510 12500 12482 12504 12496 12505 12509 12517 12543 12505 12537 12551 12551 12550 12592 12594 12547 12601 12614 12650 12652 12654 12614 12613 12593 12624 12691 12678 12668 12637 12690 12680 12683 12691 12686 12754 12770 12745 12737 12793 12776 12819 12797 12784 12823 12817 12824 12806 12835 12860 12843 12850 12882 12869 12876 12902 12878 12909 12935 12883 12899 12925 12963 12958 12915 12954 12944 12959 12984 12966 13037 12980 13014 13019 13010 13035 13042 13018 13000 13060 13040 13021 13103 13086 13093 13087 13071 13110 13064 13120 13132 13142 13150 13165 13190 13159 13180 13214 13195 13184 13216 13233 13201 13235 13211 13266 13217 13218 13231 13234 13279 13238 13261 13290 13276 13275 13320 13278 13344 13287 13307 13308 13310 13336 13345 13318 13302 13327 13324 13354 13305 13388 13360 13317 13398 13368 13385 13378 13375 13398 13379 13401 13398 13417 13424 13426 13456 13418 13445 13482 13470 13466 13465 13473 13486 13474 13520 13473 13522 13507 13517 13507 13555 13507 13541 13526 13541 13529 13528 13536 13540 13524 13606 13560 13597 13627 13583 13597 13594 13648 13649 13619 13608 13613 13654 13630 13632 13660 13685 13656 13697 13688 13725 13743 13745 13725 13758 13812 13853 13833 13832 13848 13862 13889 13842 13846 13896 13901 13912 13922 13948 13918 13903 13909 13944 13927 13967 13954 13951 13997 13923 13959 13925 13985 13967 13975 14020 14022 14056 13982 14030 14031 14065 14023 14049 14088 14057 14035 14060 14101 14080 14071 14077 14134 14101 14073 14164 14138 14138 14178 14148 14159 14163 14167 14195 14212 14175 14188 14233 14236 14219 14204 14252 14265 14258 14282 14261 14292 14292 14278 14336 14308 14372 14337 14378 14365 14413 14424 14437 14421 14453 14446 14444 14501 14449 14492 14471 14488 14491 14499 14550 14494 14480 14519 14536 14494 14522 14557 14549 14559 14538 14561 14548 14549 14556 14564 14631 14580 14599 14565 14566 14636 14621 14659 14619 14668 14619 14637 14646 14650 14675 14640 14694 14684 14710 14683 14703 14747 14700 14728 14734 14726 14769 14752 14725 14733 14789 14738 14782 14771 14747 14771 14786 14752 14810 14810 14815 14795 14817 14828 14872 14844 14880 14848 14849 14895 14875 14871 14900 14876 14908 14907 14934 14964 14965 14974 14965 14988 14977 14994 15018 15027 15011 15027 15035 15114 15077 15078 15133 15120 15069 15099 15122 15161 15128 15134 15120 15145 15179 15134 15159 15180 15181 15167 15177 15166 15218 15227 15225 15226 15233 15256 15272 15252 15296 15319 15295 15295 15302 15270 15327 15363 15330 15322 15381 15378 15339 15348 15380 15380 15370 15388 15400 15351 15420 15415 15441 15442 15430 15461 15445 15483 15462 15470 15480 15477 15519 15553 15510 15517 15543 15550 15531 15584 15585 15569 15546 15571 15595 15554 15561 15588 15595 15613 15588 15603 15635 15636 15622 15659 15658 15646 15681 15697 15663 15660 15719 15722 15679 15655 15738 15701 15661 15694 15717 15701 15749 15681 15737 15722 15718 15749 15788 15776 15782 15760 15773 15797 15794 15809 15810 15836 15818 15817 15805 15805 15839 15850 15877 15868 15871 15923 15895 15881 15940 15918 15936 15885 15969 15905 15962 15965 15951 15928 15964 16009 16003 15962 15963 15978 16031 16021 16049 16013 16038 16065 16076 16046 16052 16095 16091 16069 16082 16079 16079 16067 16073 16115 16095 16101 16102 16084 16114 16073 16119 16122 16133 16119 16164 16161 16168 16195 16158 16167 16167 16178 16219 16211 16193 16197 16197 16212 16225 16213 16229 16255 16234 16251 16259 16278 16312 16267 16291 16273 16302 16326 16309 16310 16313 16299 16303 16368 16362 16350 16363 16345 16377 16395 16375 16408 16393 16379 16418 16421 16431 16434 16431 16436 16435 16453 16453 16468 16436 16468 16475 16486 16519 16533 16544 16493 16551 16549 16553 16545 16569 16560 16526 16578 16591 16595 16580 16632 16558 16652 16625 16655 16670 16623 16667 16670 16695 16684 16682 16721 16645 16673 16678 16725 16704 16741 16679 16735 16739 16775 16734 16755 16791 16770 16747 16813 16789 16746 16800 16822 16840 16818 16802 16816 16856 16836 16817 16845 16848 16828 16855 16875 16863 16868 16892 16895 16879 16877 16908 16886 16889 16899 16919 16914 16925 16948 16981 16935 16987 16981 16963 16956 16967 16957 16956 16932 17015 16983 17000 17006 17003 16995 17008 17045 17017 17035 17012 17044 17061 17066 17082 17072 17114 17060 17072 17069 17121 17092 17091 17116 17122 17120 17172 17147 17130 17152 17172 17154 17203 17188 17210 17172 17172 17206 17189 17248 17207 17232 17241 17272 17226 17197 17223 17242 17293 17292 17295 17277 17326 17344 17329 17398 17370 17372 17417 17404 17441 17418 17396 17448 17455 17403 17434 17438 17458 17419 17427 17470 17478 17531 17519 17533 17530 17531 17530 17507 17537 17546 17600 17612 17593 17588 17593 17577 17603 17577 17584 17623 17644 17594 17641 17649 17641 17656 17691 17625 17665 17643 17698 17699 17743 17708 17703 17701 17714 17750 17777 17738 17742 17786 17767 17784 17775 17807 17825 17797 17787 17799 17829 17833 17812 17820 17834 17843 17836 17865 17894 17912 17886 17867 17926 17911 17956 17940 17942 17942 17935 17962 17945 17981 17999 18008 18023 18019 18024 18020 18060 18049 18076 18053 18087 18108 18106 18107 18108 18116 18105 18147 18168 18171 18154 18153 18156 18180 18169 18163 18175 18213 18167 18210 18213 18225 18256 18224 18231 18223 18200 18284 18259 18268 18253 18277 18273 18284 18324 18292 18302 18295 18324 18291 18361 18294 18326 18342 18335 18346 18347 18378 18414 18394 18402 18381 18387 18386 18420 18417 18441 18471 18456 18497 18465 18449 18469 18479 18486 18504 18512 18483 18525 18482 18520 18522 18543 18556 18595 18569 18568 18568 18546 18534 18584 18583 18576 18617 18626 18592 18664 18632 18667 18649 18656 18641 18652 18655 18679 18658 18711 18670 18685 18684 18667 18678 18697 18708 18719 18705 18727 18738 18760 18779 18738 18741 18767 18771 18802 18814 18773 18787 18825 18791 18794 18820 18792 18847 18831 18819 18837 18860 18824 18838 18889 18871 18856 18886 18892 18896 18884 18904 18923 18933 18917 18940 18944 18958 18942 18990 19006 18968 18984 18989 18978 19003 19003 19007 19002 19027 19034 19031 19084 19051 19053 19021 19063 19085 19071 19102 19115 19123 19135 19140 19093 19118 19141 19178 19191 19160 19177 19168 19157 19184 19197 19175 19207 19215 19234 19224 19243 19199 19244 19304 19272 19276 19326 19337 19311 19317 19367 19341 19325 19371 19331 19343 19405 19378 19369 19412 19374 19419 19401 19372 19419 19382 19426 19446 19486 19458 19438 19494 19464 19459 19478 19469 19464 19518 19496 19482 19489 19498 19529 19569 19542 19580 19608 19584 19643 19640 19607 19613 19611 19640 19646 19620 19641 19659 19693 19681 19694 19696 19699 19689 19742 19677 19724 19688 19721 19773 19794 19797 19785 19760 19772 19811 19777 19791 19830 19797 19799 19824 19804 19803 19832 19824 19845 19836 19849 19851 19903 19865 19895 19897 19926 19899 19877 19913 19914 19923 19976 19949 19974 19933 19952 19970 19954 19956 20006 19958 19964 19990 20012 20024 19997 19996 19989 19994 20000 20056 20048 20031 19987 20038 20025 20087 20039 20072 20063 20087 20086 20125 20049 20075 20057 20086 20141 20151 20131 20176 20174 20202 20196 20137 20192 20196 20197 20221 20179 20180 20189 20219 20204 20226 20237 20283 20232 20236 20254 20275 20271 20273 20273 20293 20294 20333 20310 20303 20295 20319 20288 20358 20314 20336 20335 20352 20359 20339 20374 20352 20407 20365 20397 20436 20403 20430 20441 20421 20449 20474 20433 20443 20491 20485 20417 20498 20475 20454 20509 20539 20490 20550 20539 20516 20476 20509 20529 20592 20562 20557 20598 20571 20604 20590 20618 20646 20614 20635 20639 20644 20653 20690 20655 20703 20666 20695 20687 20721 20718 20745 20738 20751 20805 20807 20784 20769 20800 20793 20839 20819 20836 20823 20805 20827 20828 20846 20836 20884 20846 20819 20875 20912 20866 20859 20919 20894 20876 20880 20921 20901 20902 20909 20900 20919 20927 20924 20901 20971 20949 20934 20981 21009 21026 21005 21019 21045 21056 21068 21075 21094 21080 21106 21113 21118 21112 21094 21142 21136 21158 21164 21142 21146 21144 21190 21166 21127 21194 21170 21181 21196 21236 21293 21255 21264 21252 21254 21255 21243 21245 21322 21300 21300 21285 21294 21356 21312 21305 21353 21335 21290 21321 21349 21352 21354 21401 21351 21407 21373 21431 21397 21453 21423 21473 21462 21463 21463 21475 21480 21516 21453 21489 21490 21504 21486 21543 21532 21552 21557 21514 21549 21521 21532 21539 21554 21572 21596 21562 21564 21591 21587 21593 21591 21596 21601 21634 21595 21607 21663 21640 21642 21651 21681 21686 21753 21753 21739 21742 21742 21762 21737 21750 21758 21828 21839 21790 21797 21829 21826 21827 21810 21842 21832 21875 21862 21872 21876 21902 21932 21902 21908 21940 21928 21935 21942 21900 21950 21990 21974 21992 21944 21973 21984 21956 22042 22015 22020 21996 22019 22036 22026 22069 22054 22098 22047 22048 22077 22073 22066 22088 22085 22104 22102 22108 22100 22117 22113 22156 22115 22143 22128 22152 22156 22150 22189 22169 22164 22189 22182 22238 22185 22254 22248 22220 22253 22243 22259 22295 22260 22279 22265 22293 22328 22329 22314 22312 22342 22376 22383 22344 22373 22341 22421 22383 22399 22386 22440 22392 22401 22449 22437 22415 22419 22464 22466 22510 22488 22475 22533 22502 22503 22513 22519 22543 22570 22552 22534 22560 22559 22556 22587 22621 22614 22649 22616 22651 22618 22625 22643 22630 22643 22643 22656 22640 22661 22647 22711 22726 22655 22712 22694 22717 22759 22772 22728 22744 22755 22764 22792 22752 22804 22833 22830 22853 22858 22874 22836 22898 22892 22859 22903 22872 22886 22885 22875 22871 22878 22882 22944 22896 22921 22930 22942 22940 22939 22919 22990 22959 22948 22920 22956 22994 22976 22978 22987 22961 23007 23027 23020 23014 22975 23065 23066 23014 23045 23027 23053 23086 23050 23058 23040 23041 23065 23098 23094 23074 23085 23112 23082 23114 23145 23142 23114 23121 23131 23165 23163 23165 23145 23122 23131 23190 23190 23147 23198 23192 23245 23249 23205 23235 23255 23222 23265 23250 23284 23298 23301 23252 23277 23271 23316 23333 23310 23352 23322 23324 23336 23332 23327 23346 23350 23357 23387 23395 23358 23356 23390 23400 23393 23398 23404 23401 23413 23466 23429 23450 23487 23453 23465 23471 23483 23496 23475 23517 23501 23478 23494 23539 23501 23516 23556 23553 23500 23533 23531 23542 23566 23554 23570 23567 23554 23572 23613 23572 23584 23598 23603 23614 23636 23632 23659 23648 23656 23684 23669 23650 23675 23675 23665 23710 23703 23699 23705 23719 23717 23730 23720 23788 23787 23779 23780 23774 23829 23797 23804 23790 23773 23827 23842 23851 23871 23864 23866 23879 23870 23883 23911 23887 23891 23944 23902 23921 23926 23887 23969 23962 23954 23983 23946 23960 23987 23934 23960 24006 24015 23974 23993 24032 24003 24040 24006 24020 24013 24008 24018 24022 24038 24014 24039 24057 24070 24047 24088 24134 24066 24145 24155 24151 24160 24150 24167 24192 24197 24176 24204 24197 24244 24213 24187 24240 24288 24263 24264 24234 24271 24284 24266 24280 24309 24299 24290 24266 24350 24312 24344 24359 24361 24369 24346 24380 24337 24373 24417 24413 24415 24422 24419 24426 24427 24461 24430 24470 24462 24498 24541 24540 24524 24519 24589 24601 24578 24582 24591 24572 24620 24604 24584 24597 24645 24627 24609 24616 24654 24645 24678 24684 24720 24670 24692 24690 24713 24723 24697 24728 24756 24765 24740 24750 24761 24714 24771 24802 24802 24784 24809 24836 24834 24814 24801 24807 24773 24802 24852 24833 24818 24882 24855 24848 24859 24896 24910 24853 24902 24839 24899 24847 24874 24925 24926 24910 24920 24921 24922 24906 24934 24938 24937 24917 24944 24978 24954 24935 24973 24989 24960 24956 24996 24983 25003 24996 25022 25026 25050 25034 25048 25064 25067 25069 25063 25110 25092 25084 25128 25087 25125 25170 25179 25173 25141 25157 25196 25184 25140 25164 25155 25163 25136 25179 25247 25222 25227 25243 25209 25229 25230 25222 25234 25293 25278 25271 25297 25303 25337 25313 25289 25298 25359 25324 25315 25331 25368 25294 25362 25314 25355 25373 25376 25400 25393 25387 25423 25403 25419 25408 25380 25477 25492 25474 25458 25476 25496 25456 25498 25483 25499 25508 25515 25541 25522 25552 25559 25554 25594 25589 25586 25582 25631 25631 25635 25610 25620 25647 25599 25628 25651 25667 25667 25688 25725 25670 25690 25710 25684 25692 25712 25752 25720 25766 25776 25744 25769 25753 25769 25800 25815 25846 25842 25806 25852 25832 25818 25861 25836 25829 25877 25886 25836 25815 25888 25864 25832 25842 25847 25928 25927 25946 25913 25915 25904 25934 25930 25985 25906 25965 25959 25975 25978 25964 25984 25991 25972 26008 26000 25998 26022 26045 26052 26047 26038 26053 26111 26070 26121 26114 26113 26116 26120 26111 26128 26121 26133 26144 26158 26168 26167 26176 26179 26172 26173 26182 26192 26193 26201 26181 26228 26211 26254 26225 26280 26271 26278 26309 26310 26313 26345 26302 26325 26334 26345 26342 26318 26321 26338 26346 26305 26312 26361 26407 26341 26372 26378 26426 26412 26448 26448 26468 26521 26516 26477 26486 26543 26515 26558 26528 26560 26497 26540 26567 26560 26568 26568 26609 26593 26622 26610 26635 26672 26653 26670 26677 26661 26704 26668 26712 26718 26720 26756 26739 26743 26757 26753 26777 26730 26771 26783 26804 26801 26834 26800 26845 26813 26806 26833 26817 26826 26844 26848 26863 26865 26876 26910 26921 26910 26947 26935 26961 27011 26985 26968 27024 26996 26982 26964 27006 27065 27010 27042 27036 27021 27086 27076 27058 27080 27114 27147 27129 27134 27162 27164 27165 27175 27158 27181 27175 27186 27225 27190 27210 27229 27191 27195 27213 27246 27206 27213 27226 27225 27220 27280 27266 27259 27270 27249 27271 27272 27263 27285 27245 27325 27274 27279 27281 27347 27328 27328 27326 27354 27345 27370 27391 27387 27419 27405 27443 27489 27497 27499 27513 27491 27497 27495 27457 27500 27544 27523 27525 27549 27572 27531 27590 27535 27589 27547 27559 27585 27595 27626 27602 27649 27594 27601 27646 27604 27658 27662 27686 27672 27695 27700 27727 27735 27722 27747 27749 27752 27756 27736 27787 27757 27747 27773 27760 27755 27810 27822 27809 27818 27788 27824 27853 27897 27872 27882 27895 27884 27928 27924 27878 27917 27941 27964 27942 27943 27970 27960 27962 27988 27967 27982 28021 27986 28021 27982 28002 28001 28054 28042 28032 28064 28029 28082 28074 28085 28101 28080 28111 28133 28153 28166 28143 28209 28199 28164 28177 28192 28203 28197 28213 28269 28258 28282 28242 28276 28324 28312 28305 28327 28364 28346 28349 28352 28386 28363 28427 28402 28393 28384 28473 28436 28473 28506 28455 28465 28484 28475 28481 28543 28503 28516 28512 28538 28541 28528 28541 28523 28588 28564 28556 28572 28567 28592 28636 28601 28607 28633 28618 28623 28592 28622 28641 28654 28649 28628 28640 28657 28689 28686 28709 28700 28732 28703 28763 28766 28750 28752 28787 28773 28787 28774 28776 28796 28810 28809 28817 28820 28809 28842 28853 28832 28857 28882 28866 28854 28849 28878 28867 28891 28878 28908 28904 28888 28897 28881 28940 28945 28943 28951 28982 29040 29011 29022 29023 29057 29028 29007 29040 29055 29039 29094 29109 29084 29091 29107 29111 29122 29142 29145 29150 29125 29148 29144 29153 29181 29164 29187 29197 29213 29174 29196 29182 29190 29220 29261 29249 29229 29228 29265 29267 29227 29241 29291 29231 29318 29314 29281 29315 29314 29324 29340 29375 29328 29378 29414 29377 29386 29379 29399 29419 29380 29441 29442 29424 29461 29474 29491 29469 29507 29505 29559 29531 29543 29534 29567 29569 29565 29556 29532 29557 29610 29592 29624 29626 29703 29687 29710 29697 29753 29682 29726 29761 29720 29719 29752 29759 29775 29732 29735 29745 29780 29762 29779 29780 29763 29807 29824 29817 29862 29851 29834 29831 29865 29835 29801 29812 29859 29880 29830 29884 29880 29907 29889 29940 29884 29907 29941 29908 29960 29920 29932 29940 29942 29947 29969 29960 29952 30001 29984 30045 29993 30006 29981 30070 30076 30033 30062 30069 30092 30117 30096 30075 30084 30107 30123 30114 30183 30159 30162 30179 30172 30188 30191 30215 30204 30277 30220 30221 30266 30249 30311 30313 30267 30352 30314 30320 30322 30342 30355 30391 30346 30382 30382 30406 30383 30368 30404 30430 30390 30417 30366 30410 30414 30459 30402 30437 30422 30470 30453 30457 30439 30450 30508 30461 30526 30479 30508 30488 30489 30497 30501 30553 30516 30495 30546 30546 30544 30502 30572 30598 30571 30603 30596 30571 30614 30640 30621 30665 30649 30602 30658 30679 30689 30658 30655 30675 30659 30668 30707 30703 30695 30661 30740 30711 30723 30701 30751 30704 30711 30740 30735 30771 30791 30766 30788 30805 30756 30782 30815 30779 30826 30802 30851 30829 30822 30859 30842 30856 30844 30869 30863 30906 30884 30913 30906 30913 30961 30933 30934 30943 30955 30996 30966 31007 30963 30975 30990 31006 31015 31026 31028 31041 31057 31026 31028 31049 31025 31060 31060 31084 31123 31120 31100 31102 31129 31117 31096 31109 31126 31136 31130 31141 31144 31180 31178 31191 31213 31145 31210 31198 31224 31228 31254 31273 31275 31251 31244 31286 31248 31302 31288 31296 31331 31305 31359 31340 31326 31378 31355 31385 31426 31380 31404 31383 31394 31406 31477 31471 31458 31468 31506 31426 31465 31482 31469 31488 31537 31505 31518 31536 31543 31584 31546 31544 31607 31570 31558 31567 31588 31590 31594 31607 31636 31608 31609 31663 31674 31658 31680 31678 31718 31683 31706 31718 31702 31705 31733 31740 31752 31796 31739 31721 31768 31750 31793 31799 31785 31780 31785 31787 31818 31811 31807 31819 31851 31815 31818 31818 31845 31873 31839 31863 31839 31888 31885 31885 31901 31931 31928 31962 31963 31978 31954 31989 31982 31914 31966 31976 31955 31958 32021 31992 31994 31991 32010 32057 32030 32021 32025 32083 32048 32032 32077 32059 32042 32068 32102 32063 32085 32107 32093 32098 32117 32115 32168 32171 32142 32137 32139 32152 32135 32135 32181 32145 32146 32156 32157 32160 32177 32137 32174 32174 32207 32199 32202 32212 32266 32252 32200 32236 32258 32260 32264 32260 32311 32263 32288 32286 32303 32301 32292 32306 32320 32374 32373 32376 32387 32386 32392 32415 32453 32429 32455 32441 32468 32462 32481 32457 32466 32481 32480 32500 32480 32501 32495 32514 32525 32564 32519 32547 32569 32555 32588 32576 32601 32586 32603 32629 32630 32593 32645 32633 32642 32633 32645 32657 32636 32661 32643 32665 32666 32711 32716 32768 32728 32742 32751 32726 32812 32776 32789 32797 32760 32807 32810 32804 32810 32838 32816 32850 32854 32907 32917 32887 32902 32934 32909 32947 32933 32961 32968 32954 32960 32958 33020 32964 32973 32995 33014 33031 33025 33002 33016 33024 33027 33069 33028 33054 33085 33054 33080 33105 33083 33080 33073 33096 33055 33089 33116 33085 33121 33136 33147 33180 33099 33152 33156 33140 33107 33166 33196 33203 33183 33179 33178 33199 33205 33207 33164 33222 33199 33246 33250 33231 33217 33237 33240 33288 33247 33270 33264 33280 33300 33272 33269 33285 33285 33331 33313 33299 33311 33321 33336 33348 33389 33356 33376 33394 33400 33388 33392 33444 33424 33446 33455 33459 33453 33469 33464 33464 33529 33517 33492 33468 33501 33544
