15 3 12
4 5 3
47 29 17 17 36 42 42 42 33 43 49 11
43 43 46 13 20 32 32 24 26 20 32 40
43 24 36 45 21 15 27 31 32 39 46 36
22 43 17 12 29 34 30 28 29 17 23 35
27 42 18 46 28 49 16 19 12 28 18 41
31 13 24 22 12 49 20 28 13 10 38 48
42 14 44 47 40 18 22 47 40 33 36 16
12 31 26 48 19 18 27 17 18 19 21 38
11 46 46 34 10 22 47 28 39 19 46 32
27 10 49 17 36 43 41 49 14 35 42 16
30 27 13 39 10 28 36 16 16 40 42 22
13 44 33 23 28 32 36 32 41 45 13 12
14 21 22 37 31 15 21 39 11 10 42 32
41 17 24 40 35 38 15 45 41 29 27 39
12 31 21 35 13 36 39 36 29 12 19 11
1 2 3 4 5 6 7 8 9 10 11 12 13 14 15 16 17 18 19 20 21 22 23 24 25 26 27 28 29 30 31 32 33 34 35 36 37 38 39 40 41 42 43 44 45 46 47 48 49 50 51 52 53 54 55 56 57 58 59 60 61 62 63 64 65 66 67 68 69 70 71 72 73 74 75 76 77 78 79 80 81 82 83 84 85 86 87 88 89 90 91 92 93 94 95 96 97 98 99 100 101 102 103 104 105 106 107 108 109 110 111 112 113 114 115 116 117 118 119 120 121 122 123 124 125 126 127 128 129 130 131 132 133 134 135 136 137 138 139 140 141 142 143 144 145 146 147 148 149 150 151 152 153 154 155 156 157 158 159 160 161 162 163 164 165 166 167 168 169 170 171 172 173 174 175 176 177 178 179 180 181 182 183 184 185 186 187 188 189 190 191 192 193 194 195 196 197 198 199 200 201 202 203 204 205 206 207 208 209 210 211 212 213 214 215 216 217 218 219 220 221 222 223 224 225 226 227 228 229 230 231 232 233 234 235 236 237 238 239 240 241 242 243 244 245 246 247 248 249 250 251 252 253 254 255 256 257 258 259 260 261 262 263 264 265 266 267 268 269 270 271 272 273 274 275 276 277 278 279 280 281 282 283 284 285 286 287 288 289 290 291 292 293 294 295 296 297 298 299 300 301 302 303 304 305 306 307 308 309 310 311 312 313 314 315 316 317 318 319 320 321 322 323 324 325 326 327 328 329 330 331 332 333 334 335 336 337 338 339 340 341 342 343 344 345 346 347 348 349 350 351 352 353 354 355 356 357 358 359 360 361 362 363 364 365 366 367 368 369 370 371 372 373 374 375 376 377 378 379 380 381 382 383 384 385 386 387 388 389 390 391 392 393 394 395 396 397 398 399 400 401 402 403 404 405 406 407 408 409 410 411 412 413 414 415 416 417 418 419 420 421 422 423 424 425 426 427 428 429 430 431 432 433 434 435 436 437 438 439 440 441 442 443 444 445 446 447 448 449 450 451 452 453 454 455 456 457 458 459 460 461 462 463 464 465 466 467 468 469 470 471 472 473 474 475 476 477 478 479 480 481 482 483 484 485 486 487 488 489 490 491 492 493 494 495 496 497 498 499 500 501 502 503 504 505 506 507 508 509 510 511 512 513 514 515 516 517 518 519 520 521 522 523 524 525 526 527 528 529 530 531 532 533 534 535 536 537 538 539 540 541 542 543 544 545 546 547 548 549 550 551 552 553 554 555 556 557 558 559 560 561 562 563 564 565 566 567 568 569 570 571 572 573 574 575 576 577 578 579 580 581 582 583 584 585 586 587 588 589 590 591 592 593 594 595 596 597 598 599 600 601 602 603 604 605 606 607 608 609 610 611 612 613 614 615 616 617 618 619 620 621 622 623 624 625 626 627 628 629 630 631 632 633 634 635 636 637 638 639 640 641 642 643 644 645 646 647 648 649 650 651 652 653 654 655 656 657 658 659 660 661 662 663 664 665 666 667 668 669 670 671 672 673 674 675 676 677 678 679 680 681 682 683 684 685 686 687 688 689 690 691 692 693 694 695 696 697 698 699 700 701 702 703 704 705 706 707 708 709 710 711 712 713 714 715 716 717 718 719 720 721 722 723 724 725 726 727 728 729 730 731 732 733 734 735 736 737 738 739 740 741 742 743 744 745 746 747 748 749 750 751 752 753 754 755 756 757 758 759 760 761 762 763 764 765 766 767 768 769 770 771 772 773 774 775 776 777 778 779 780 781 782 783 784 785 786 787 788 789 790 791 792 793 794 795 796 797 798 799 800 801 802 803 804 805 806 807 808 809 810 811 812 813 814 815 816 817 818 819 820 821 822 823 824 825 826 827 828 829 830 831 832 833 834 835 836 837 838 839 840 841 842 843 844 845 846 847 848 849 850 851 852 853 854 855 856 857 858 859 860 861 862 863 864 865 866 867 868 869 870 871 872 873 874 875 876 877 878 879 880 881 882 883 884 885 886 887 888 889 890 891 892 893 894 895 896 897 898 899 900 901 902 903 904 905 906 907 908 909 910 911 912 913 914 915 916 917 918 919 920 921 922 923 924 925 926 927 928 929 930 931 932 933 934 935 936 937 938 939 940 941 942 943 944 945 946 947 948 949 950 951 952 953 954 955 956 957 958 959 960 961 962 963 964 965 966 967 968 969 970 971 972 973 974 975 976 977 978 979 980 981 982 983 984 985 986 987 988 989 990 991 992 993 994 995 996 997 998 999 1000
7 5 12 13 5 2 7 0 7 3 1 6 8 11 3 14 12 1 7 13 11 6 12 10 13 3 3 10 9 10 3 11 2 11 14 1 0 13 11 6 11 2 7 9 10 13 14 14 3 4 1 9 13 12 12 8 11 2 12 13 5 13 12 5 5 6 13 4 4 9 1 7 13 2 13 13 5 9 7 1 13 5 13 0 10 13 2 8 4 9 14 3 3 5 14 2 11 6 3 2 5 2 9 4 7 11 10 5 8 4 2 2 3 14 8 14 7 8 8 9 1 6 6 1 7 10 4 9 9 12 13 10 9 0 0 13 7 8 12 9 3 0 12 7 7 7 3 11 13 10 6 6 9 9 14 3 4 14 7 9 7 5 12 6 6 2 13 5 1 14 3 12 11 12 6 8 8 14 4 8 5 13 13 13 2 14 7 3 6 2 5 10 4 6 3 12 9 10 0 0 9 14 3 3 4 2 14 1 10 6 9 14 2 1 11 11 10 2 13 11 12 6 14 12 4 0 12 8 1 5 7 5 8 9 11 7 7 7 2 9 9 11 3 14 9 11 4 6 10 1 12 1 12 0 6 3 14 0 10 6 4 0 14 8 7 3 2 11 10 14 3 0 3 6 6 10 4 6 14 2 10 13 3 9 2 5 10 13 13 8 10 8 3 1 2 12 9 10 5 6 0 10 6 0 1 1 3 9 2 2 4 3 7 6 0 12 13 6 2 14 10 9 6 14 0 10 13 4 4 13 3 7 2 14 4 12 0 7 2 9 10 4 6 0 14 2 11 10 11 3 9 5 10 13 14 5 0 10 6 12 7 9 5 5 6 7 1 13 5 6 9 9 1 4 12 3 9 9 3 6 0 0 9 10 4 14 12 11 1 0 7 4 5 7 6 11 1 6 13 4 8 3 12 2 3 5 13 14 13 3 2 2 2 7 0 13 6 7 6 0 0 0 0 7 12 2 7 13 10 5 8 14 6 9 13 4 13 9 2 0 2 7 4 9 14 2 3 5 3 1 9 14 0 11 4 3 9 5 6 7 10 10 8 1 6 3 5 9 3 6 14 9 1 11 8 12 9 14 7 1 3 13 14 2 14 13 6 9 10 0 12 2 0 8 4 12 5 10 13 13 10 9 2 2 12 11 1 14 10 13 3 14 7 6 12 13 10 12 4 0 2 3 2 3 8 6 2 1 1 12 14 6 3 9 5 10 5 11 7 4 10 11 9 10 14 4 7 8 5 3 9 10 12 3 7 5 9 14 13 9 3 9 11 0 13 3 7 13 4 2 9 4 8 2 5 13 9 6 9 6 13 5 7 12 5 2 14 5 7 14 2 7 12 11 12 14 11 8 4 7 9 10 0 13 5 8 5 13 10 11 1 11 1 1 4 1 3 13 14 9 8 11 4 10 11 14 3 11 2 2 6 4 2 11 14 14 13 14 9 7 10 4 14 12 3 2 12 7 8 13 3 4 12 7 3 6 0 10 1 10 9 1 14 5 10 7 0 7 0 2 13 14 7 4 2 4 11 13 0 14 9 13 12 7 9 12 0 4 8 10 4 3 0 11 14 11 5 9 7 1 4 6 12 0 8 5 1 7 6 1 0 2 9 5 7 11 8 9 7 7 11 1 9 3 10 0 8 3 0 14 5 5 9 6 13 3 13 0 13 5 14 11 9 11 14 13 0 4 14 2 13 9 1 13 2 6 6 3 6 10 5 6 2 12 14 12 11 8 11 1 7 5 10 14 0 3 5 1 5 13 12 13 10 1 10 5 5 4 0 1 7 14 2 8 11 2 13 14 12 10 2 8 13 11 12 3 10 5 12 5 14 13 7 3 13 3 13 11 12 4 0 2 1 13 11 1 7 10 13 9 9 9 12 9 11 13 6 7 14 13 7 0 10 11 14 5 11 5 11 5 10 12 1 3 13 9 12 13 6 12 11 8 4 8 4 9 0 7 14 11 1 13 4 2 7 9 7 2 2 1 12 5 4 11 9 7 2 7 12 5 8 2 0 2 4 8 5 12 12 2 7 8 2 1 0 2 13 4 1 5 13 1 14 1 9 1 4 11 8 4 12 11 10 0 0 7 3 12 4 11 7 11 7 3 2 7 4 7 5 8 8 12 5 8 12 10 14 0 4 14 1 10 0 14 2 10 6 8 10 7 7 13 1 8 9 12 8 14 0 0 10 9 5 13 5 13 0 1 12 6 11 3 11 7 9 8 12 14 0 4 8 9 11 1 13 3 12 8 10 2
1 9 24 31 32 36 41 44 55 58 65 68 70 79 98 100 106 123 124 128 130 133 134 145 149 153 164 193 196 199 211 212 224 234 237 255 257 262 264 271 272 281 285 291 292 293 304 312 340 345 348 354 360 366 377 379 386 397 398 419 425 429 452 461 462 466 468 476 495 500 504 506 507 524 527 528 529 530 567 569 577 579 604 606 612 613 621 650 657 659 666 672 675 677 683 690 694 714 720 725 735 736 740 747 748 771 784 786 787 795 802 803 819 820 821 822 825 832 835 842 843 846 853 854 855 856 862 867 876 881 885 886 888 895 898 903 911 925 926 928 935 940 946 948 949 952 961 968 991 997 999 1003 1004 1005 1006 1007 1017 1022 1036 1038 1044 1045 1046 1065 1081 1084 1090 1092 1106 1118 1127 1135 1145 1146 1148 1152 1153 1157 1158 1175 1176 1180 1189 1197 1199 1203 1213 1216 1227 1232 1236 1242 1246 1256 1257 1258 1286 1291 1294 1299 1305 1308 1309 1311 1312 1314 1316 1326 1332 1334 1337 1342 1350 1360 1362 1376 1388 1390 1394 1395 1408 1414 1420 1430 1435 1440 1450 1453 1454 1459 1461 1466 1483 1488 1489 1491 1499 1503 1505 1514 1515 1516 1530 1543 1547 1569 1583 1585 1593 1594 1597 1613 1619 1622 1623 1624 1625 1642 1643 1645 1654 1657 1659 1666 1670 1680 1690 1696 1699 1703 1704 1707 1710 1714 1715 1735 1748 1749 1755 1758 1760 1770 1773 1778 1787 1791 1792 1807 1808 1809 1827 1835 1838 1850 1864 1884 1886 1887 1890 1893 1895 1896 1897 1907 1908 1912 1927 1930 1946 1949 1957 1960 1965 1968 1975 1979 1980 1983 1984 1989 2004 2005 2024 2033 2034 2035 2051 2057 2061 2071 2087 2095 2103 2112 2120 2121 2137 2139 2140 2141 2145 2152 2158 2165 2175 2182 2196 2201 2218 2219 2229 2231 2233 2235 2238 2256 2257 2259 2270 2275 2290 2301 2309 2312 2313 2314 2316 2317 2323 2330 2356 2369 2374 2377 2381 2382 2390 2394 2400 2403 2410 2413 2414 2424 2428 2434 2435 2437 2449 2471 2476 2479 2480 2484 2492 2496 2499 2501 2513 2514 2519 2521 2524 2533 2537 2538 2543 2570 2573 2583 2585 2588 2604 2605 2614 2619 2631 2632 2639 2655 2658 2663 2667 2668 2669 2672 2684 2686 2714 2726 2729 2737 2738 2739 2749 2750 2753 2756 2760 2772 2773 2774 2784 2785 2802 2805 2810 2816 2817 2822 2826 2827 2828 2832 2861 2863 2882 2886 2896 2903 2914 2918 2928 2949 2960 2966 2986 2992 3004 3005 3006 3015 3016 3021 3024 3025 3026 3032 3035 3036 3043 3044 3075 3081 3084 3086 3087 3100 3101 3106 3111 3125 3127 3130 3133 3138 3142 3143 3165 3170 3171 3174 3178 3193 3196 3201 3208 3223 3229 3232 3242 3283 3288 3303 3305 3310 3315 3332 3336 3345 3366 3367 3368 3369 3372 3375 3381 3400 3421 3433 3434 3435 3437 3446 3448 3451 3469 3471 3474 3485 3499 3504 3508 3509 3514 3526 3551 3553 3555 3558 3562 3569 3570 3575 3576 3582 3595 3608 3611 3619 3629 3636 3638 3649 3673 3674 3676 3677 3694 3697 3704 3717 3719 3720 3721 3729 3752 3758 3760 3774 3777 3779 3781 3792 3812 3814 3815 3816 3820 3831 3832 3837 3846 3849 3860 3863 3872 3873 3881 3882 3884 3889 3906 3937 3950 3956 3964 3972 3974 3981 3985 3986 3987 3991 4001 4018 4024 4029 4037 4040 4041 4057 4072 4080 4081 4083 4090 4100 4101 4115 4120 4121 4122 4126 4127 4128 4129 4130 4131 4143 4144 4149 4150 4155 4156 4161 4170 4171 4185 4200 4201 4202 4208 4213 4222 4228 4231 4237 4258 4262 4263 4271 4272 4274 4282 4283 4287 4301 4310 4313 4316 4319 4322 4336 4340 4341 4351 4354 4365 4368 4371 4390 4393 4398 4403 4404 4405 4408 4410 4420 4429 4431 4435 4447 4448 4462 4463 4468 4476 4484 4488 4489 4495 4497 4523 4532 4540 4555 4567 4654 4655 4656 4657 4667 4670 4671 4677 4680 4681 4686 4700 4703 4706 4707 4719 4752 4757 4764 4771 4772 4778 4779 4784 4791 4801 4804 4810 4816 4818 4819 4831 4833 4835 4836 4838 4842 4848 4858 4876 4877 4886 4893 4917 4918 4920 4921 4924 4927 4937 4945 4946 4954 4962 4968 4974 4978 4991 4998 5007 5016 5038 5040 5045 5053 5061 5062 5071 5085 5087 5093 5096 5097 5101 5110 5112 5123 5124 5153 5160 5168 5169 5176 5177 5185 5186 5193 5208 5213 5217 5222 5223 5228 5231 5232 5235 5236 5237 5246 5247 5249 5255 5267 5271 5277 5283 5300 5301 5305 5308 5310 5313 5321 5323 5335 5336 5337 5345 5346 5348 5363 5371 5375 5377 5386 5396 5400 5401 5406 5408 5409 5415 5416 5417 5424 5425 5426 5429 5430 5433 5439 5440 5442 5443 5445 5448 5453 5454 5472 5480 5494 5503 5504 5519 5542 5544 5559 5564 5569 5574 5587 5588 5593 5594 5597 5603 5604 5605 5607 5614 5615 5616 5617 5619 5621 5632 5644 5652 5653 5659 5667 5686 5688 5691 5695 5707 5713 5715 5727 5732 5735 5747 5751 5761 5766 5771 5778 5783 5784 5788 5789 5802 5806 5808 5815 5816 5817 5824 5827 5843 5858 5861 5869 5875 5894 5899 5904 5905 5906 5910 5911 5917 5918 5924 5932 5943 5946 5989 5991 6002 6012 6018 6021 6034 6048 6053 6055 6069 6070 6082 6084 6088 6110 6114 6120 6135 6138 6140 6142 6143 6144 6153 6173 6176 6177 6182 6183 6184 6194 6196 6200 6201 6210 6215 6221 6225 6229 6232 6238 6246 6248 6253 6260 6279 6291 6293 6295 6300 6304 6310 6313 6315 6316 6324 6326 6328 6334 6346 6347 6349 6350
151 166 173 224 189 241 191 245 205 215 252 264 261 249 255 238 255 310 274 321 300 329 283 311 342 310 321 359 382 365 368 382 429 404 375 442 458 455 434 467 442 486 435 477 458 486 442 450 497 519 535 540 553 515 526 570 556 602 547 612 582 622 601 618 619 662 661 650 669 686 691 656 700 729 720 721 686 716 717 756 770 736 797 807 778 806 826 841 831 845 804 829 832 834 821 895 864 910 877 930 892 941 926 921 898 941 950 943 978 969 1007 1008 976 958 1012 960 975 1023 1026 1028 1030 1042 1049 1041 1005 1022 1036 1053 1062 1030 1078 1052 1074 1096 1099 1096 1061 1116 1075 1114 1092 1141 1095 1098 1099 1102 1118 1138 1184 1163 1195 1199 1190 1191 1144 1164 1191 1160 1186 1224 1194 1202 1195 1261 1277 1289 1283 1249 1293 1256 1284 1284 1315 1295 1344 1343 1344 1295 1332 1366 1333 1373 1382 1390 1404 1341 1363 1373 1423 1437 1393 1408 1420 1452 1414 1407 1472 1457 1495 1500 1491 1446 1466 1468 1486 1519 1454 1513 1498 1530 1523 1480 1555 1547 1532 1546 1554 1595 1587 1565 1557 1610 1558 1579 1609 1641 1599 1644 1641 1616 1611 1623 1674 1674 1659 1641 1649 1653 1710 1700 1701 1686 1687 1681 1733 1739 1757 1781 1759 1781 1746 1800 1768 1823 1819 1781 1763 1843 1809 1841 1828 1858 1797 1857 1820 1837 1895 1866 1865 1841 1861 1908 1867 1910 1911 1901 1922 1945 1893 1963 1926 1963 1930 1964 1992 1948 1958 2000 2001 2000 1993 2026 1995 2037 2069 2033 2072 2053 2047 2089 2096 2062 2093 2108 2095 2099 2084 2116 2151 2154 2131 2117 2115 2164 2176 2128 2173 2179 2189 2127 2170 2191 2220 2171 2235 2201 2244 2231 2235 2264 2244 2245 2308 2250 2294 2270 2338 2289 2345 2327 2311 2326 2354 2366 2313 2387 2366 2367 2388 2376 2415 2388 2399 2428 2376 2413 2458 2425 2466 2424 2440 2487 2466 2469 2509 2464 2503 2510 2480 2526 2542 2555 2561 2551 2530 2539 2576 2580 2557 2599 2611 2614 2600 2590 2602 2572 2584 2607 2636 2672 2626 2653 2637 2634 2688 2666 2686 2697 2706 2688 2710 2678 2673 2738 2694 2695 2736 2708 2766 2740 2790 2793 2809 2755 2815 2812 2827 2782 2835 2856 2859 2864 2868 2818 2818 2877 2834 2879 2880 2883 2920 2875 2934 2925 2942 2924 2946 2942 2965 2973 2978 2924 2958 2971 2940 3010 2967 2973 2974 3009 3012 2965 3029 3002 3035 3020 3068 3043 3092 3053 3080 3084 3119 3136 3156 3123 3143 3178 3161 3201 3144 3201 3203 3191 3215 3174 3212 3170 3185 3223 3200 3237 3213 3286 3222 3279 3283 3286 3267 3307 3260 3330 3328 3321 3307 3287 3299 3309 3358 3363 3337 3360 3383 3398 3345 3371 3395 3361 3395 3425 3399 3421 3438 3499 3454 3503 3481 3481 3510 3546 3571 3524 3573 3526 3563 3571 3586 3587 3608 3582 3572 3631 3594 3632 3605 3617 3626 3641 3624 3659 3665 3674 3694 3675 3652 3700 3701 3744 3712 3715 3748 3735 3719 3732 3726 3739 3781 3746 3804 3805 3786 3822 3808 3850 3866 3831 3826 3870 3868 3902 3890 3891 3910 3925 3878 3922 3938 3954 3946 3970 3970 3936 3931 3941 3969 4019 3953 3973 3970 3969 4037 3987 3995 4019 4009 4001 4042 4064 4055 4032 4070 4055 4107 4130 4107 4147 4121 4165 4140 4151 4172 4156 4174 4178 4175 4205 4181 4222 4175 4226 4232 4227 4246 4246 4251 4221 4247 4270 4306 4320 4316 4295 4327 4296 4265 4266 4322 4268 4317 4293 4310 4323 4288 4304 4313 4366 4319 4321 4376 4393 4358 4376 4357 4363 4379 4424 4432 4403 4445 4428 4449 4458 4410 4431 4448 4433 4488 4451 4511 4518 4509 4457 4472 4510 4545 4515 4521 4547 4566 4506 4557 4583 4542 4548 4589 4553 4606 4582 4601 4586 4603 4588 4636 4617 4586 4632 4620 4654 4626 4671 4662 4685 4644 4698 4714 4689 4727 4705 4763 4841 4856 4861 4843 4824 4820 4841 4868 4866 4831 4836 4870 4890 4892 4864 4885 4953 4948 4921 4972 4910 4935 4936 4970 4987 4994 4961 5003 5017 5011 4976 4969 5003 5021 5006 4976 5035 5049 5032 5014 5082 5079 5079 5104 5111 5125 5117 5120 5084 5133 5111 5103 5150 5167 5117 5112 5127 5161 5189 5177 5203 5188 5197 5211 5191 5262 5219 5228 5272 5244 5286 5245 5290 5267 5297 5278 5280 5281 5327 5361 5355 5319 5314 5382 5376 5356 5398 5401 5351 5366 5388 5428 5419 5424 5402 5384 5393 5403 5403 5396 5406 5393 5460 5421 5434 5476 5457 5494 5475 5457 5484 5514 5526 5510 5528 5506 5524 5495 5512 5541 5549 5557 5561 5526 5572 5566 5593 5597 5556 5546 5602 5565 5617 5583 5594 5563 5583 5599 5587 5603 5596 5606 5591 5630 5602 5641 5639 5603 5665 5676 5643 5673 5695 5693 5733 5718 5745 5765 5719 5712 5757 5775 5786 5768 5802 5753 5790 5755 5812 5819 5802 5765 5774 5793 5791 5818 5794 5857 5803 5808 5824 5877 5893 5892 5900 5881 5904 5872 5876 5881 5940 5897 5942 5966 5953 5972 5983 5976 5958 5975 5946 5995 5993 5946 6002 6002 6004 5998 5997 6034 6032 6010 6039 6041 6095 6100 6054 6062 6055 6084 6081 6067 6088 6074 6089 6148 6096 6163 6141 6159 6203 6209 6170 6191 6239 6202 6221 6207 6271 6256 6222 6275 6276 6315 6258 6340 6304 6336 6333 6309 6294 6303 6366 6363 6368 6368 6332 6375 6332 6397 6401 6367 6396 6372 6414 6382 6422 6433 6425 6395 6444 6423 6417 6449 6441 6479 6486 6449 6442 6511 6487 6506 6502 6494 6513 6521 6491 6495 6538 6515 6555
