20 4 18
4 5 4 5
33 37 23 20 34 38 44 48 19 35 10 38 40 24 32 18 12 24
48 25 33 12 13 14 45 20 38 28 12 14 14 21 33 36 38 42
47 46 12 14 49 40 16 44 12 13 17 36 25 37 22 22 46 28
37 15 19 17 21 22 26 14 22 33 49 47 32 12 19 13 16 34
38 32 18 25 33 46 36 40 12 21 35 10 13 39 26 32 27 24
25 45 47 21 27 43 23 12 30 39 16 45 17 34 20 26 39 46
30 42 14 43 41 50 24 15 28 41 29 12 48 49 15 24 11 13
13 44 46 40 23 18 15 11 10 16 11 37 10 22 11 29 18 28
30 17 48 34 41 32 18 36 28 45 47 25 26 22 44 45 46 10
42 11 11 28 39 39 26 15 14 34 37 49 48 23 32 41 28 19
15 45 10 50 33 16 21 40 43 14 39 34 43 43 17 20 47 36
20 12 24 37 47 32 30 33 25 23 32 35 38 21 22 40 26 42
18 39 16 25 37 22 26 13 34 45 31 42 12 33 45 38 39 42
24 48 45 36 44 36 21 41 34 14 10 26 24 25 17 13 24 30
27 46 14 31 49 41 42 18 17 32 22 25 18 50 15 18 32 40
44 10 23 15 42 48 20 35 14 38 35 22 21 25 27 38 17 45
49 45 24 23 30 49 30 46 36 46 34 17 39 16 10 24 27 15
44 32 36 35 43 29 28 13 50 44 45 45 20 42 43 42 21 47
39 43 48 49 35 45 10 21 35 18 29 33 20 22 42 15 36 42
25 36 25 15 30 27 50 28 32 17 11 24 11 30 34 30 44 46
1 2 3 4 5 6 7 8 9 10 11 12 13 14 15 16 17 18 19 20 21 22 23 24 25 26 27 28 29 30 31 32 33 34 35 36 37 38 39 40 41 42 43 44 45 46 47 48 49 50 51 52 53 54 55 56 57 58 59 60 61 62 63 64 65 66 67 68 69 70 71 72 73 74 75 76 77 78 79 80 81 82 83 84 85 86 87 88 89 90 91 92 93 94 95 96 97 98 99 100 101 102 103 104 105 106 107 108 109 110 111 112 113 114 115 116 117 118 119 120 121 122 123 124 125 126 127 128 129 130 131 132 133 134 135 136 137 138 139 140 141 142 143 144 145 146 147 148 149 150 151 152 153 154 155 156 157 158 159 160 161 162 163 164 165 166 167 168 169 170 171 172 173 174 175 176 177 178 179 180 181 182 183 184 185 186 187 188 189 190 191 192 193 194 195 196 197 198 199 200 201 202 203 204 205 206 207 208 209 210 211 212 213 214 215 216 217 218 219 220 221 222 223 224 225 226 227 228 229 230 231 232 233 234 235 236 237 238 239 240 241 242 243 244 245 246 247 248 249 250 251 252 253 254 255 256 257 258 259 260 261 262 263 264 265 266 267 268 269 270 271 272 273 274 275 276 277 278 279 280 281 282 283 284 285 286 287 288 289 290 291 292 293 294 295 296 297 298 299 300 301 302 303 304 305 306 307 308 309 310 311 312 313 314 315 316 317 318 319 320 321 322 323 324 325 326 327 328 329 330 331 332 333 334 335 336 337 338 339 340 341 342 343 344 345 346 347 348 349 350 351 352 353 354 355 356 357 358 359 360 361 362 363 364 365 366 367 368 369 370 371 372 373 374 375 376 377 378 379 380 381 382 383 384 385 386 387 388 389 390 391 392 393 394 395 396 397 398 399 400 401 402 403 404 405 406 407 408 409 410 411 412 413 414 415 416 417 418 419 420 421 422 423 424 425 426 427 428 429 430 431 432 433 434 435 436 437 438 439 440 441 442 443 444 445 446 447 448 449 450 451 452 453 454 455 456 457 458 459 460 461 462 463 464 465 466 467 468 469 470 471 472 473 474 475 476 477 478 479 480 481 482 483 484 485 486 487 488 489 490 491 492 493 494 495 496 497 498 499 500 501 502 503 504 505 506 507 508 509 510 511 512 513 514 515 516 517 518 519 520 521 522 523 524 525 526 527 528 529 530 531 532 533 534 535 536 537 538 539 540 541 542 543 544 545 546 547 548 549 550 551 552 553 554 555 556 557 558 559 560 561 562 563 564 565 566 567 568 569 570 571 572 573 574 575 576 577 578 579 580 581 582 583 584 585 586 587 588 589 590 591 592 593 594 595 596 597 598 599 600 601 602 603 604 605 606 607 608 609 610 611 612 613 614 615 616 617 618 619 620 621 622 623 624 625 626 627 628 629 630 631 632 633 634 635 636 637 638 639 640 641 642 643 644 645 646 647 648 649 650 651 652 653 654 655 656 657 658 659 660 661 662 663 664 665 666 667 668 669 670 671 672 673 674 675 676 677 678 679 680 681 682 683 684 685 686 687 688 689 690 691 692 693 694 695 696 697 698 699 700 701 702 703 704 705 706 707 708 709 710 711 712 713 714 715 716 717 718 719 720 721 722 723 724 725 726 727 728 729 730 731 732 733 734 735 736 737 738 739 740 741 742 743 744 745 746 747 748 749 750 751 752 753 754 755 756 757 758 759 760 761 762 763 764 765 766 767 768 769 770 771 772 773 774 775 776 777 778 779 780 781 782 783 784 785 786 787 788 789 790 791 792 793 794 795 796 797 798 799 800 801 802 803 804 805 806 807 808 809 810 811 812 813 814 815 816 817 818 819 820 821 822 823 824 825 826 827 828 829 830 831 832 833 834 835 836 837 838 839 840 841 842 843 844 845 846 847 848 849 850 851 852 853 854 855 856 857 858 859 860 861 862 863 864 865 866 867 868 869 870 871 872 873 874 875 876 877 878 879 880 881 882 883 884 885 886 887 888 889 890 891 892 893 894 895 896 897 898 899 900 901 902 903 904 905 906 907 908 909 910 911 912 913 914 915 916 917 918 919 920 921 922 923 924 925 926 927 928 929 930 931 932 933 934 935 936 937 938 939 940 941 942 943 944 945 946 947 948 949 950 951 952 953 954 955 956 957 958 959 960 961 962 963 964 965 966 967 968 969 970 971 972 973 974 975 976 977 978 979 980 981 982 983 984 985 986 987 988 989 990 991 992 993 994 995 996 997 998 999 1000 1001 1002 1003 1004 1005 1006 1007 1008 1009 1010 1011 1012 1013 1014 1015 1016 1017 1018 1019 1020 1021 1022 1023 1024 1025 1026 1027 1028 1029 1030 1031 1032 1033 1034 1035 1036 1037 1038 1039 1040 1041 1042 1043 1044 1045 1046 1047 1048 1049 1050 1051 1052 1053 1054 1055 1056 1057 1058 1059 1060 1061 1062 1063 1064 1065 1066 1067 1068 1069 1070 1071 1072 1073 1074 1075 1076 1077 1078 1079 1080 1081 1082 1083 1084 1085 1086 1087 1088 1089 1090 1091 1092 1093 1094 1095 1096 1097 1098 1099 1100 1101 1102 1103 1104 1105 1106 1107 1108 1109 1110 1111 1112 1113 1114 1115 1116 1117 1118 1119 1120 1121 1122 1123 1124 1125 1126 1127 1128 1129 1130 1131 1132 1133 1134 1135 1136 1137 1138 1139 1140 1141 1142 1143 1144 1145 1146 1147 1148 1149 1150 1151 1152 1153 1154 1155 1156 1157 1158 1159 1160 1161 1162 1163 1164 1165 1166 1167 1168 1169 1170 1171 1172 1173 1174 1175 1176 1177 1178 1179 1180 1181 1182 1183 1184 1185 1186 1187 1188 1189 1190 1191 1192 1193 1194 1195 1196 1197 1198 1199 1200 1201 1202 1203 1204 1205 1206 1207 1208 1209 1210 1211 1212 1213 1214 1215 1216 1217 1218 1219 1220 1221 1222 1223 1224 1225 1226 1227 1228 1229 1230 1231 1232 1233 1234 1235 1236 1237 1238 1239 1240 1241 1242 1243 1244 1245 1246 1247 1248 1249 1250 1251 1252 1253 1254 1255 1256 1257 1258 1259 1260 1261 1262 1263 1264 1265 1266 1267 1268 1269 1270 1271 1272 1273 1274 1275 1276 1277 1278 1279 1280 1281 1282 1283 1284 1285 1286 1287 1288 1289 1290 1291 1292 1293 1294 1295 1296 1297 1298 1299 1300 1301 1302 1303 1304 1305 1306 1307 1308 1309 1310 1311 1312 1313 1314 1315 1316 1317 1318 1319 1320 1321 1322 1323 1324 1325 1326 1327 1328 1329 1330 1331 1332 1333 1334 1335 1336 1337 1338 1339 1340 1341 1342 1343 1344 1345 1346 1347 1348 1349 1350 1351 1352 1353 1354 1355 1356 1357 1358 1359 1360 1361 1362 1363 1364 1365 1366 1367 1368 1369 1370 1371 1372 1373 1374 1375 1376 1377 1378 1379 1380 1381 1382 1383 1384 1385 1386 1387 1388 1389 1390 1391 1392 1393 1394 1395 1396 1397 1398 1399 1400 1401 1402 1403 1404 1405 1406 1407 1408 1409 1410 1411 1412 1413 1414 1415 1416 1417 1418 1419 1420 1421 1422 1423 1424 1425 1426 1427 1428 1429 1430 1431 1432 1433 1434 1435 1436 1437 1438 1439 1440 1441 1442 1443 1444 1445 1446 1447 1448 1449 1450 1451 1452 1453 1454 1455 1456 1457 1458 1459 1460 1461 1462 1463 1464 1465 1466 1467 1468 1469 1470 1471 1472 1473 1474 1475 1476 1477 1478 1479 1480 1481 1482 1483 1484 1485 1486 1487 1488 1489 1490 1491 1492 1493 1494 1495 1496 1497 1498 1499 1500 1501 1502 1503 1504 1505 1506 1507 1508 1509 1510 1511 1512 1513 1514 1515 1516 1517 1518 1519 1520 1521 1522 1523 1524 1525 1526 1527 1528 1529 1530 1531 1532 1533 1534 1535 1536 1537 1538 1539 1540 1541 1542 1543 1544 1545 1546 1547 1548 1549 1550 1551 1552 1553 1554 1555 1556 1557 1558 1559 1560 1561 1562 1563 1564 1565 1566 1567 1568 1569 1570 1571 1572 1573 1574 1575 1576 1577 1578 1579 1580 1581 1582 1583 1584 1585 1586 1587 1588 1589 1590 1591 1592 1593 1594 1595 1596 1597 1598 1599 1600 1601 1602 1603 1604 1605 1606 1607 1608 1609 1610 1611 1612 1613 1614 1615 1616 1617 1618 1619 1620 1621 1622 1623 1624 1625 1626 1627 1628 1629 1630 1631 1632 1633 1634 1635 1636 1637 1638 1639 1640 1641 1642 1643 1644 1645 1646 1647 1648 1649 1650 1651 1652 1653 1654 1655 1656 1657 1658 1659 1660 1661 1662 1663 1664 1665 1666 1667 1668 1669 1670 1671 1672 1673 1674 1675 1676 1677 1678 1679 1680 1681 1682 1683 1684 1685 1686 1687 1688 1689 1690 1691 1692 1693 1694 1695 1696 1697 1698 1699 1700 1701 1702 1703 1704 1705 1706 1707 1708 1709 1710 1711 1712 1713 1714 1715 1716 1717 1718 1719 1720 1721 1722 1723 1724 1725 1726 1727 1728 1729 1730 1731 1732 1733 1734 1735 1736 1737 1738 1739 1740 1741 1742 1743 1744 1745 1746 1747 1748 1749 1750 1751 1752 1753 1754 1755 1756 1757 1758 1759 1760 1761 1762 1763 1764 1765 1766 1767 1768 1769 1770 1771 1772 1773 1774 1775 1776 1777 1778 1779 1780 1781 1782 1783 1784 1785 1786 1787 1788 1789 1790 1791 1792 1793 1794 1795 1796 1797 1798 1799 1800 1801 1802 1803 1804 1805 1806 1807 1808 1809 1810 1811 1812 1813 1814 1815 1816 1817 1818 1819 1820 1821 1822 1823 1824 1825 1826 1827 1828 1829 1830 1831 1832 1833 1834 1835 1836 1837 1838 1839 1840 1841 1842 1843 1844 1845 1846 1847 1848 1849 1850 1851 1852 1853 1854 1855 1856 1857 1858 1859 1860 1861 1862 1863 1864 1865 1866 1867 1868 1869 1870 1871 1872 1873 1874 1875 1876 1877 1878 1879 1880 1881 1882 1883 1884 1885 1886 1887 1888 1889 1890 1891 1892 1893 1894 1895 1896 1897 1898 1899 1900 1901 1902 1903 1904 1905 1906 1907 1908 1909 1910 1911 1912 1913 1914 1915 1916 1917 1918 1919 1920 1921 1922 1923 1924 1925 1926 1927 1928 1929 1930 1931 1932 1933 1934 1935 1936 1937 1938 1939 1940 1941 1942 1943 1944 1945 1946 1947 1948 1949 1950 1951 1952 1953 1954 1955 1956 1957 1958 1959 1960 1961 1962 1963 1964 1965 1966 1967 1968 1969 1970 1971 1972 1973 1974 1975 1976 1977 1978 1979 1980 1981 1982 1983 1984 1985 1986 1987 1988 1989 1990 1991 1992 1993 1994 1995 1996 1997 1998 1999 2000 2001 2002 2003 2004 2005 2006 2007 2008 2009 2010 2011 2012 2013 2014 2015 2016 2017 2018 2019 2020 2021 2022 2023 2024 2025 2026 2027 2028 2029 2030 2031 2032 2033 2034 2035 2036 2037 2038 2039 2040 2041 2042 2043 2044 2045 2046 2047 2048 2049 2050 2051 2052 2053 2054 2055 2056 2057 2058 2059 2060 2061 2062 2063 2064 2065 2066 2067 2068 2069 2070 2071 2072 2073 2074 2075 2076 2077 2078 2079 2080 2081 2082 2083 2084 2085 2086 2087 2088 2089 2090 2091 2092 2093 2094 2095 2096 2097 2098 2099 2100 2101 2102 2103 2104 2105 2106 2107 2108 2109 2110 2111 2112 2113 2114 2115 2116 2117 2118 2119 2120 2121 2122 2123 2124 2125 2126 2127 2128 2129 2130 2131 2132 2133 2134 2135 2136 2137 2138 2139 2140 2141 2142 2143 2144 2145 2146 2147 2148 2149 2150 2151 2152 2153 2154 2155 2156 2157 2158 2159 2160 2161 2162 2163 2164 2165 2166 2167 2168 2169 2170 2171 2172 2173 2174 2175 2176 2177 2178 2179 2180 2181 2182 2183 2184 2185 2186 2187 2188 2189 2190 2191 2192 2193 2194 2195 2196 2197 2198 2199 2200 2201 2202 2203 2204 2205 2206 2207 2208 2209 2210 2211 2212 2213 2214 2215 2216 2217 2218 2219 2220 2221 2222 2223 2224 2225 2226 2227 2228 2229 2230 2231 2232 2233 2234 2235 2236 2237 2238 2239 2240 2241 2242 2243 2244 2245 2246 2247 2248 2249 2250 2251 2252 2253 2254 2255 2256 2257 2258 2259 2260 2261 2262 2263 2264 2265 2266 2267 2268 2269 2270 2271 2272 2273 2274 2275 2276 2277 2278 2279 2280 2281 2282 2283 2284 2285 2286 2287 2288 2289 2290 2291 2292 2293 2294 2295 2296 2297 2298 2299 2300 2301 2302 2303 2304 2305 2306 2307 2308 2309 2310 2311 2312 2313 2314 2315 2316 2317 2318 2319 2320 2321 2322 2323 2324 2325 2326 2327 2328 2329 2330 2331 2332 2333 2334 2335 2336 2337 2338 2339 2340 2341 2342 2343 2344 2345 2346 2347 2348 2349 2350 2351 2352 2353 2354 2355 2356 2357 2358 2359 2360 2361 2362 2363 2364 2365 2366 2367 2368 2369 2370 2371 2372 2373 2374 2375 2376 2377 2378 2379 2380 2381 2382 2383 2384 2385 2386 2387 2388 2389 2390 2391 2392 2393 2394 2395 2396 2397 2398 2399 2400 2401 2402 2403 2404 2405 2406 2407 2408 2409 2410 2411 2412 2413 2414 2415 2416 2417 2418 2419 2420 2421 2422 2423 2424 2425 2426 2427 2428 2429 2430 2431 2432 2433 2434 2435 2436 2437 2438 2439 2440 2441 2442 2443 2444 2445 2446 2447 2448 2449 2450 2451 2452 2453 2454 2455 2456 2457 2458 2459 2460 2461 2462 2463 2464 2465 2466 2467 2468 2469 2470 2471 2472 2473 2474 2475 2476 2477 2478 2479 2480 2481 2482 2483 2484 2485 2486 2487 2488 2489 2490 2491 2492 2493 2494 2495 2496 2497 2498 2499 2500 2501 2502 2503 2504 2505 2506 2507 2508 2509 2510 2511 2512 2513 2514 2515 2516 2517 2518 2519 2520 2521 2522 2523 2524 2525 2526 2527 2528 2529 2530 2531 2532 2533 2534 2535 2536 2537 2538 2539 2540 2541 2542 2543 2544 2545 2546 2547 2548 2549 2550 2551 2552 2553 2554 2555 2556 2557 2558 2559 2560 2561 2562 2563 2564 2565 2566 2567 2568 2569 2570 2571 2572 2573 2574 2575 2576 2577 2578 2579 2580 2581 2582 2583 2584 2585 2586 2587 2588 2589 2590 2591 2592 2593 2594 2595 2596 2597 2598 2599 2600 2601 2602 2603 2604 2605 2606 2607 2608 2609 2610 2611 2612 2613 2614 2615 2616 2617 2618 2619 2620 2621 2622 2623 2624 2625 2626 2627 2628 2629 2630 2631 2632 2633 2634 2635 2636 2637 2638 2639 2640 2641 2642 2643 2644 2645 2646 2647 2648 2649 2650 2651 2652 2653 2654 2655 2656 2657 2658 2659 2660 2661 2662 2663 2664 2665 2666 2667 2668 2669 2670 2671 2672 2673 2674 2675 2676 2677 2678 2679 2680 2681 2682 2683 2684 2685 2686 2687 2688 2689 2690 2691 2692 2693 2694 2695 2696 2697 2698 2699 2700 2701 2702 2703 2704 2705 2706 2707 2708 2709 2710 2711 2712 2713 2714 2715 2716 2717 2718 2719 2720 2721 2722 2723 2724 2725 2726 2727 2728 2729 2730 2731 2732 2733 2734 2735 2736 2737 2738 2739 2740 2741 2742 2743 2744 2745 2746 2747 2748 2749 2750 2751 2752 2753 2754 2755 2756 2757 2758 2759 2760 2761 2762 2763 2764 2765 2766 2767 2768 2769 2770 2771 2772 2773 2774 2775 2776 2777 2778 2779 2780 2781 2782 2783 2784 2785 2786 2787 2788 2789 2790 2791 2792 2793 2794 2795 2796 2797 2798 2799 2800 2801 2802 2803 2804 2805 2806 2807 2808 2809 2810 2811 2812 2813 2814 2815 2816 2817 2818 2819 2820 2821 2822 2823 2824 2825 2826 2827 2828 2829 2830 2831 2832 2833 2834 2835 2836 2837 2838 2839 2840 2841 2842 2843 2844 2845 2846 2847 2848 2849 2850 2851 2852 2853 2854 2855 2856 2857 2858 2859 2860 2861 2862 2863 2864 2865 2866 2867 2868 2869 2870 2871 2872 2873 2874 2875 2876 2877 2878 2879 2880 2881 2882 2883 2884 2885 2886 2887 2888 2889 2890 2891 2892 2893 2894 2895 2896 2897 2898 2899 2900 2901 2902 2903 2904 2905 2906 2907 2908 2909 2910 2911 2912 2913 2914 2915 2916 2917 2918 2919 2920 2921 2922 2923 2924 2925 2926 2927 2928 2929 2930 2931 2932 2933 2934 2935 2936 2937 2938 2939 2940 2941 2942 2943 2944 2945 2946 2947 2948 2949 2950 2951 2952 2953 2954 2955 2956 2957 2958 2959 2960 2961 2962 2963 2964 2965 2966 2967 2968 2969 2970 2971 2972 2973 2974 2975 2976 2977 2978 2979 2980 2981 2982 2983 2984 2985 2986 2987 2988 2989 2990 2991 2992 2993 2994 2995 2996 2997 2998 2999 3000 3001 3002 3003 3004 3005 3006 3007 3008 3009 3010 3011 3012 3013 3014 3015 3016 3017 3018 3019 3020 3021 3022 3023 3024 3025 3026 3027 3028 3029 3030 3031 3032 3033 3034 3035 3036 3037 3038 3039 3040 3041 3042 3043 3044 3045 3046 3047 3048 3049 3050 3051 3052 3053 3054 3055 3056 3057 3058 3059 3060 3061 3062 3063 3064 3065 3066 3067 3068 3069 3070 3071 3072 3073 3074 3075 3076 3077 3078 3079 3080 3081 3082 3083 3084 3085 3086 3087 3088 3089 3090 3091 3092 3093 3094 3095 3096 3097 3098 3099 3100 3101 3102 3103 3104 3105 3106 3107 3108 3109 3110 3111 3112 3113 3114 3115 3116 3117 3118 3119 3120 3121 3122 3123 3124 3125 3126 3127 3128 3129 3130 3131 3132 3133 3134 3135 3136 3137 3138 3139 3140 3141 3142 3143 3144 3145 3146 3147 3148 3149 3150 3151 3152 3153 3154 3155 3156 3157 3158 3159 3160 3161 3162 3163 3164 3165 3166 3167 3168 3169 3170 3171 3172 3173 3174 3175 3176 3177 3178 3179 3180 3181 3182 3183 3184 3185 3186 3187 3188 3189 3190 3191 3192 3193 3194 3195 3196 3197 3198 3199 3200 3201 3202 3203 3204 3205 3206 3207 3208 3209 3210 3211 3212 3213 3214 3215 3216 3217 3218 3219 3220 3221 3222 3223 3224 3225 3226 3227 3228 3229 3230 3231 3232 3233 3234 3235 3236 3237 3238 3239 3240 3241 3242 3243 3244 3245 3246 3247 3248 3249 3250 3251 3252 3253 3254 3255 3256 3257 3258 3259 3260 3261 3262 3263 3264 3265 3266 3267 3268 3269 3270 3271 3272 3273 3274 3275 3276 3277 3278 3279 3280 3281 3282 3283 3284 3285 3286 3287 3288 3289 3290 3291 3292 3293 3294 3295 3296 3297 3298 3299 3300 3301 3302 3303 3304 3305 3306 3307 3308 3309 3310 3311 3312 3313 3314 3315 3316 3317 3318 3319 3320 3321 3322 3323 3324 3325 3326 3327 3328 3329 3330 3331 3332 3333 3334 3335 3336 3337 3338 3339 3340 3341 3342 3343 3344 3345 3346 3347 3348 3349 3350 3351 3352 3353 3354 3355 3356 3357 3358 3359 3360 3361 3362 3363 3364 3365 3366 3367 3368 3369 3370 3371 3372 3373 3374 3375 3376 3377 3378 3379 3380 3381 3382 3383 3384 3385 3386 3387 3388 3389 3390 3391 3392 3393 3394 3395 3396 3397 3398 3399 3400 3401 3402 3403 3404 3405 3406 3407 3408 3409 3410 3411 3412 3413 3414 3415 3416 3417 3418 3419 3420 3421 3422 3423 3424 3425 3426 3427 3428 3429 3430 3431 3432 3433 3434 3435 3436 3437 3438 3439 3440 3441 3442 3443 3444 3445 3446 3447 3448 3449 3450 3451 3452 3453 3454 3455 3456 3457 3458 3459 3460 3461 3462 3463 3464 3465 3466 3467 3468 3469 3470 3471 3472 3473 3474 3475 3476 3477 3478 3479 3480 3481 3482 3483 3484 3485 3486 3487 3488 3489 3490 3491 3492 3493 3494 3495 3496 3497 3498 3499 3500 3501 3502 3503 3504 3505 3506 3507 3508 3509 3510 3511 3512 3513 3514 3515 3516 3517 3518 3519 3520 3521 3522 3523 3524 3525 3526 3527 3528 3529 3530 3531 3532 3533 3534 3535 3536 3537 3538 3539 3540 3541 3542 3543 3544 3545 3546 3547 3548 3549 3550 3551 3552 3553 3554 3555 3556 3557 3558 3559 3560 3561 3562 3563 3564 3565 3566 3567 3568 3569 3570 3571 3572 3573 3574 3575 3576 3577 3578 3579 3580 3581 3582 3583 3584 3585 3586 3587 3588 3589 3590 3591 3592 3593 3594 3595 3596 3597 3598 3599 3600 3601 3602 3603 3604 3605 3606 3607 3608 3609 3610 3611 3612 3613 3614 3615 3616 3617 3618 3619 3620 3621 3622 3623 3624 3625 3626 3627 3628 3629 3630 3631 3632 3633 3634 3635 3636 3637 3638 3639 3640 3641 3642 3643 3644 3645 3646 3647 3648 3649 3650 3651 3652 3653 3654 3655 3656 3657 3658 3659 3660 3661 3662 3663 3664 3665 3666 3667 3668 3669 3670 3671 3672 3673 3674 3675 3676 3677 3678 3679 3680 3681 3682 3683 3684 3685 3686 3687 3688 3689 3690 3691 3692 3693 3694 3695 3696 3697 3698 3699 3700 3701 3702 3703 3704 3705 3706 3707 3708 3709 3710 3711 3712 3713 3714 3715 3716 3717 3718 3719 3720 3721 3722 3723 3724 3725 3726 3727 3728 3729 3730 3731 3732 3733 3734 3735 3736 3737 3738 3739 3740 3741 3742 3743 3744 3745 3746 3747 3748 3749 3750 3751 3752 3753 3754 3755 3756 3757 3758 3759 3760 3761 3762 3763 3764 3765 3766 3767 3768 3769 3770 3771 3772 3773 3774 3775 3776 3777 3778 3779 3780 3781 3782 3783 3784 3785 3786 3787 3788 3789 3790 3791 3792 3793 3794 3795 3796 3797 3798 3799 3800 3801 3802 3803 3804 3805 3806 3807 3808 3809 3810 3811 3812 3813 3814 3815 3816 3817 3818 3819 3820 3821 3822 3823 3824 3825 3826 3827 3828 3829 3830 3831 3832 3833 3834 3835 3836 3837 3838 3839 3840 3841 3842 3843 3844 3845 3846 3847 3848 3849 3850 3851 3852 3853 3854 3855 3856 3857 3858 3859 3860 3861 3862 3863 3864 3865 3866 3867 3868 3869 3870 3871 3872 3873 3874 3875 3876 3877 3878 3879 3880 3881 3882 3883 3884 3885 3886 3887 3888 3889 3890 3891 3892 3893 3894 3895 3896 3897 3898 3899 3900 3901 3902 3903 3904 3905 3906 3907 3908 3909 3910 3911 3912 3913 3914 3915 3916 3917 3918 3919 3920 3921 3922 3923 3924 3925 3926 3927 3928 3929 3930 3931 3932 3933 3934 3935 3936 3937 3938 3939 3940 3941 3942 3943 3944 3945 3946 3947 3948 3949 3950 3951 3952 3953 3954 3955 3956 3957 3958 3959 3960 3961 3962 3963 3964 3965 3966 3967 3968 3969 3970 3971 3972 3973 3974 3975 3976 3977 3978 3979 3980 3981 3982 3983 3984 3985 3986 3987 3988 3989 3990 3991 3992 3993 3994 3995 3996 3997 3998 3999 4000 4001 4002 4003 4004 4005 4006 4007 4008 4009 4010 4011 4012 4013 4014 4015 4016 4017 4018 4019 4020 4021 4022 4023 4024 4025 4026 4027 4028 4029 4030 4031 4032 4033 4034 4035 4036 4037 4038 4039 4040 4041 4042 4043 4044 4045 4046 4047 4048 4049 4050 4051 4052 4053 4054 4055 4056 4057 4058 4059 4060 4061 4062 4063 4064 4065 4066 4067 4068 4069 4070 4071 4072 4073 4074 4075 4076 4077 4078 4079 4080 4081 4082 4083 4084 4085 4086 4087 4088 4089 4090 4091 4092 4093 4094 4095 4096 4097 4098 4099 4100 4101 4102 4103 4104 4105 4106 4107 4108 4109 4110 4111 4112 4113 4114 4115 4116 4117 4118 4119 4120 4121 4122 4123 4124 4125 4126 4127 4128 4129 4130 4131 4132 4133 4134 4135 4136 4137 4138 4139 4140 4141 4142 4143 4144 4145 4146 4147 4148 4149 4150 4151 4152 4153 4154 4155 4156 4157 4158 4159 4160 4161 4162 4163 4164 4165 4166 4167 4168 4169 4170 4171 4172 4173 4174 4175 4176 4177 4178 4179 4180 4181 4182 4183 4184 4185 4186 4187 4188 4189 4190 4191 4192 4193 4194 4195 4196 4197 4198 4199 4200 4201 4202 4203 4204 4205 4206 4207 4208 4209 4210 4211 4212 4213 4214 4215 4216 4217 4218 4219 4220 4221 4222 4223 4224 4225 4226 4227 4228 4229 4230 4231 4232 4233 4234 4235 4236 4237 4238 4239 4240 4241 4242 4243 4244 4245 4246 4247 4248 4249 4250 4251 4252 4253 4254 4255 4256 4257 4258 4259 4260 4261 4262 4263 4264 4265 4266 4267 4268 4269 4270 4271 4272 4273 4274 4275 4276 4277 4278 4279 4280 4281 4282 4283 4284 4285 4286 4287 4288 4289 4290 4291 4292 4293 4294 4295 4296 4297 4298 4299 4300 4301 4302 4303 4304 4305 4306 4307 4308 4309 4310 4311 4312 4313 4314 4315 4316 4317 4318 4319 4320 4321 4322 4323 4324 4325 4326 4327 4328 4329 4330 4331 4332 4333 4334 4335 4336 4337 4338 4339 4340 4341 4342 4343 4344 4345 4346 4347 4348 4349 4350 4351 4352 4353 4354 4355 4356 4357 4358 4359 4360 4361 4362 4363 4364 4365 4366 4367 4368 4369 4370 4371 4372 4373 4374 4375 4376 4377 4378 4379 4380 4381 4382 4383 4384 4385 4386 4387 4388 4389 4390 4391 4392 4393 4394 4395 4396 4397 4398 4399 4400 4401 4402 4403 4404 4405 4406 4407 4408 4409 4410 4411 4412 4413 4414 4415 4416 4417 4418 4419 4420 4421 4422 4423 4424 4425 4426 4427 4428 4429 4430 4431 4432 4433 4434 4435 4436 4437 4438 4439 4440 4441 4442 4443 4444 4445 4446 4447 4448 4449 4450 4451 4452 4453 4454 4455 4456 4457 4458 4459 4460 4461 4462 4463 4464 4465 4466 4467 4468 4469 4470 4471 4472 4473 4474 4475 4476 4477 4478 4479 4480 4481 4482 4483 4484 4485 4486 4487 4488 4489 4490 4491 4492 4493 4494 4495 4496 4497 4498 4499 4500 4501 4502 4503 4504 4505 4506 4507 4508 4509 4510 4511 4512 4513 4514 4515 4516 4517 4518 4519 4520 4521 4522 4523 4524 4525 4526 4527 4528 4529 4530 4531 4532 4533 4534 4535 4536 4537 4538 4539 4540 4541 4542 4543 4544 4545 4546 4547 4548 4549 4550 4551 4552 4553 4554 4555 4556 4557 4558 4559 4560 4561 4562 4563 4564 4565 4566 4567 4568 4569 4570 4571 4572 4573 4574 4575 4576 4577 4578 4579 4580 4581 4582 4583 4584 4585 4586 4587 4588 4589 4590 4591 4592 4593 4594 4595 4596 4597 4598 4599 4600 4601 4602 4603 4604 4605 4606 4607 4608 4609 4610 4611 4612 4613 4614 4615 4616 4617 4618 4619 4620 4621 4622 4623 4624 4625 4626 4627 4628 4629 4630 4631 4632 4633 4634 4635 4636 4637 4638 4639 4640 4641 4642 4643 4644 4645 4646 4647 4648 4649 4650 4651 4652 4653 4654 4655 4656 4657 4658 4659 4660 4661 4662 4663 4664 4665 4666 4667 4668 4669 4670 4671 4672 4673 4674 4675 4676 4677 4678 4679 4680 4681 4682 4683 4684 4685 4686 4687 4688 4689 4690 4691 4692 4693 4694 4695 4696 4697 4698 4699 4700 4701 4702 4703 4704 4705 4706 4707 4708 4709 4710 4711 4712 4713 4714 4715 4716 4717 4718 4719 4720 4721 4722 4723 4724 4725 4726 4727 4728 4729 4730 4731 4732 4733 4734 4735 4736 4737 4738 4739 4740 4741 4742 4743 4744 4745 4746 4747 4748 4749 4750 4751 4752 4753 4754 4755 4756 4757 4758 4759 4760 4761 4762 4763 4764 4765 4766 4767 4768 4769 4770 4771 4772 4773 4774 4775 4776 4777 4778 4779 4780 4781 4782 4783 4784 4785 4786 4787 4788 4789 4790 4791 4792 4793 4794 4795 4796 4797 4798 4799 4800 4801 4802 4803 4804 4805 4806 4807 4808 4809 4810 4811 4812 4813 4814 4815 4816 4817 4818 4819 4820 4821 4822 4823 4824 4825 4826 4827 4828 4829 4830 4831 4832 4833 4834 4835 4836 4837 4838 4839 4840 4841 4842 4843 4844 4845 4846 4847 4848 4849 4850 4851 4852 4853 4854 4855 4856 4857 4858 4859 4860 4861 4862 4863 4864 4865 4866 4867 4868 4869 4870 4871 4872 4873 4874 4875 4876 4877 4878 4879 4880 4881 4882 4883 4884 4885 4886 4887 4888 4889 4890 4891 4892 4893 4894 4895 4896 4897 4898 4899 4900 4901 4902 4903 4904 4905 4906 4907 4908 4909 4910 4911 4912 4913 4914 4915 4916 4917 4918 4919 4920 4921 4922 4923 4924 4925 4926 4927 4928 4929 4930 4931 4932 4933 4934 4935 4936 4937 4938 4939 4940 4941 4942 4943 4944 4945 4946 4947 4948 4949 4950 4951 4952 4953 4954 4955 4956 4957 4958 4959 4960 4961 4962 4963 4964 4965 4966 4967 4968 4969 4970 4971 4972 4973 4974 4975 4976 4977 4978 4979 4980 4981 4982 4983 4984 4985 4986 4987 4988 4989 4990 4991 4992 4993 4994 4995 4996 4997 4998 4999 5000
4 18 16 5 1 17 8 16 19 14 7 12 13 17 7 11 19 5 9 10 13 3 7 10 6 18 6 14 1 5 15 17 18 15 8 18 11 6 6 13 19 16 9 9 11 1 16 0 13 3 8 2 14 11 12 18 8 18 11 1 6 13 17 1 0 19 12 0 14 15 5 1 13 4 0 7 4 8 9 18 13 12 17 3 6 4 4 10 4 14 11 0 18 15 2 5 7 18 6 9 12 1 17 4 17 12 7 0 6 3 13 10 9 3 19 4 2 16 4 6 9 8 18 15 0 9 4 8 10 13 11 9 8 1 14 2 14 0 17 11 1 16 19 19 2 19 12 12 13 17 7 2 13 5 16 7 0 14 12 0 3 3 7 3 4 17 8 15 7 6 15 8 2 11 16 3 3 12 9 7 2 8 7 6 6 7 6 15 15 11 3 10 12 11 0 6 6 2 13 19 19 2 16 10 13 12 11 6 18 14 7 10 10 4 15 0 19 4 14 7 11 6 10 14 9 0 12 3 13 4 5 6 12 0 0 15 4 15 2 11 9 3 18 11 3 3 13 18 9 6 7 14 0 4 11 18 12 6 2 3 0 8 19 3 2 14 4 7 14 5 8 0 17 1 19 12 16 2 12 19 11 5 12 17 1 12 2 7 9 10 15 9 17 12 7 3 1 19 0 8 19 3 16 11 8 1 11 3 5 15 2 13 3 11 0 1 9 17 8 9 3 2 12 18 13 12 10 6 9 14 16 12 15 5 14 17 14 3 0 18 4 3 14 2 7 16 3 5 16 6 1 15 9 8 12 15 19 16 0 16 6 11 12 3 13 16 19 6 6 19 1 7 8 3 19 12 6 2 7 9 13 9 14 13 19 1 14 11 0 17 11 3 2 10 15 2 7 2 14 2 17 4 16 3 17 10 11 9 10 4 11 19 6 0 6 9 8 16 9 19 4 16 19 1 19 14 13 11 15 6 10 14 12 6 8 8 2 9 0 13 19 1 7 16 6 10 5 19 18 19 1 4 3 4 10 2 9 4 1 16 10 2 18 11 17 9 13 0 17 8 18 5 4 17 9 13 2 10 3 0 10 2 5 1 6 4 13 19 14 13 3 16 6 3 18 16 10 11 16 18 9 9 5 6 6 6 14 6 17 4 1 15 3 8 14 14 12 12 15 18 3 6 17 16 2 0 7 16 14 19 3 2 19 17 13 10 19 2 12 11 15 13 2 15 12 4 19 17 4 16 12 16 2 0 12 13 6 13 12 8 15 18 19 18 1 3 17 11 4 1 9 12 12 5 1 11 17 12 18 9 18 3 4 13 8 3 16 15 12 5 14 2 6 6 1 10 12 15 16 5 6 13 8 9 4 19 12 14 10 9 2 0 19 3 16 8 7 8 18 8 12 19 6 0 10 6 8 5 4 17 17 19 17 0 17 2 6 17 13 10 8 6 17 11 13 14 11 14 10 19 19 6 3 3 15 2 1 1 8 7 4 3 3 0 11 14 3 18 9 8 4 9 15 18 7 9 15 16 17 6 8 18 6 17 1 5 1 5 15 7 18 11 12 1 13 17 1 3 7 16 10 13 16 9 6 2 12 15 8 14 19 17 1 8 9 7 3 9 15 12 6 6 13 11 7 19 10 15 3 19 18 16 2 13 8 16 15 14 8 11 16 15 3 4 10 19 6 10 8 11 5 5 14 13 14 0 1 9 12 1 8 7 0 1 0 15 15 6 1 14 2 19 1 13 11 11 9 1 14 5 5 14 18 6 8 1 16 19 1 6 15 19 8 19 14 19 18 7 14 5 3 16 16 5 17 15 19 3 18 11 11 15 18 19 8 2 3 12 0 2 9 11 11 3 3 5 6 2 9 10 18 10 14 15 0 16 13 15 6 5 1 3 12 16 0 9 13 9 11 13 13 7 3 1 0 0 8 11 18 18 14 5 6 2 19 14 4 6 0 11 8 13 9 12 18 11 12 12 10 0 10 10 15 0 3 14 4 12 15 4 15 2 6 0 5 13 5 15 5 14 13 16 18 9 5 8 12 2 1 0 11 14 17 0 11 8 10 10 9 16 13 13 3 14 0 8 19 16 0 0 18 18 6 10 8 8 6 15 13 5 19 15 19 8 11 3 10 3 10 9 11 1 13 3 19 3 14 0 8 15 6 6 12 11 11 7 4 7 2 3 18 7 6 16 12 16 1 10 19 7 8 2 16 17 16 8 16 1 5 0 1 4 19 11 7 8 16 4 14 10 11 11 19 9 9 16 9 14 9 16 10 12 17 12 5 8 11 2 19 0 11 5 13 1 2 14 6 10 1 2 14 1 2 3 3 18 13 2 15 12 17 15 4 15 16 16 5 15 10 14 16 1 2 17 11 9 2 17 8 7 15 7 6 7 3 3 3 7 19 19 5 1 7 9 16 13 5 6 17 11 6 15 11 12 9 16 6 10 11 1 13 13 4 3 13 4 10 6 15 8 1 2 4 9 5 12 16 16 12 3 13 6 19 10 15 12 15 2 0 1 8 11 12 8 14 7 18 9 5 5 5 2 8 9 4 0 18 19 1 12 0 1 13 14 14 8 6 1 7 3 2 8 2 3 16 14 17 10 11 18 4 13 1 2 12 14 13 16 19 7 10 17 18 6 17 11 3 5 19 6 14 17 5 16 7 15 9 19 8 5 18 13 12 9 1 5 4 14 6 19 19 14 18 14 14 5 13 9 8 8 1 9 6 9 17 8 1 6 13 14 6 0 11 8 3 2 10 13 3 3 0 14 12 18 3 13 8 9 11 9 16 9 4 19 19 0 4 4 4 14 4 18 15 10 14 10 2 9 3 13 8 5 3 6 15 19 12 5 10 13 3 19 14 11 4 17 17 16 19 13 17 4 3 11 10 5 0 7 17 8 10 2 2 1 16 8 2 10 18 4 15 10 16 19 13 13 12 10 1 17 14 5 12 15 11 2 7 0 18 17 19 16 1 14 0 11 1 16 10 17 3 14 9 7 4 15 3 15 13 18 4 5 7 3 17 14 9 15 4 7 2 12 14 10 3 9 11 10 16 15 19 13 17 4 16 8 15 4 18 12 16 14 11 11 9 14 9 8 7 13 18 14 9 10 1 10 7 15 6 15 17 12 2 7 6 5 13 11 3 9 6 6 10 8 8 17 8 18 17 1 7 16 1 14 7 16 6 19 10 11 0 10 19 9 0 14 8 10 18 10 8 2 10 1 14 9 13 12 8 12 6 0 13 19 3 19 11 19 3 19 17 3 13 4 9 10 15 0 18 11 15 3 4 11 19 0 16 16 17 12 17 13 4 14 7 12 17 11 16 1 18 0 2 2 1 3 1 0 14 1 15 12 17 3 1 17 9 17 10 14 12 3 5 16 15 13 11 2 16 16 5 3 13 17 8 3 12 11 12 12 15 11 17 17 19 15 6 0 6 9 10 1 3 11 2 1 11 2 13 8 1 4 18 1 15 5 12 19 13 13 7 8 9 4 4 4 2 14 9 14 13 5 9 17 14 3 16 13 19 15 18 4 18 1 12 8 19 16 13 19 13 3 5 11 10 16 4 7 16 12 6 6 14 12 10 19 8 0 3 1 7 4 2 6 3 10 9 3 8 18 19 1 16 9 1 16 10 3 18 0 16 11 5 12 8 6 5 13 2 16 0 9 19 5 8 13 1 8 14 1 10 14 1 14 1 15 5 5 4 6 8 19 10 7 12 7 13 0 6 15 12 1 18 18 1 11 7 7 13 8 9 2 19 6 16 15 4 3 10 9 16 12 2 2 6 10 12 15 2 18 4 16 1 10 17 6 7 11 10 3 11 17 19 3 16 16 15 5 4 9 18 9 18 18 13 13 19 7 18 7 9 5 15 18 4 15 11 7 4 17 16 3 18 19 1 3 6 12 16 16 6 17 6 13 15 9 7 9 3 11 14 1 9 3 4 11 10 13 18 19 14 11 7 2 18 10 16 10 12 1 18 19 0 2 9 10 7 5 5 11 19 3 11 10 9 0 19 4 1 4 19 4 11 3 19 11 6 7 9 4 2 13 12 8 6 13 13 0 9 15 18 7 12 16 18 7 4 17 8 13 2 13 12 6 6 12 6 13 17 7 1 11 4 5 1 7 10 19 15 4 4 0 13 3 1 3 0 17 1 9 5 15 0 4 11 17 5 7 7 1 5 15 2 6 16 1 19 15 0 10 11 7 0 16 15 13 1 17 11 6 2 4 16 12 9 5 14 3 6 5 5 6 16 10 6 7 3 15 19 12 18 17 14 5 6 18 7 6 13 6 7 1 11 4 8 19 7 2 18 9 6 2 5 11 15 18 10 16 18 4 0 10 15 3 10 6 0 15 4 15 13 3 3 11 10 8 17 13 18 3 15 17 7 12 9 13 9 17 7 5 6 15 9 2 12 8 15 5 11 9 8 13 15 9 0 5 2 18 14 5 14 18 16 19 6 16 9 5 10 19 6 9 13 12 6 18 10 4 19 16 14 17 7 14 14 5 14 11 14 15 12 0 2 1 16 0 15 0 4 16 7 5 8 7 8 16 3 7 13 19 5 18 19 8 2 14 14 17 4 15 8 17 14 3 16 3 4 6 19 6 0 2 5 3 14 15 4 0 6 19 12 14 15 3 5 8 10 0 10 3 11 8 3 16 4 13 14 6 15 2 16 18 17 2 10 18 6 19 17 15 16 8 8 15 18 3 6 10 18 15 7 15 5 5 8 7 10 9 1 15 15 11 13 17 8 13 12 2 5 3 15 15 8 3 4 12 6 7 2 12 13 12 14 8 4 9 1 9 5 17 8 16 14 11 16 18 8 0 18 19 5 1 15 13 10 6 14 6 13 6 17 11 8 11 10 10 6 1 1 5 6 19 6 1 3 12 10 18 14 7 14 12 19 16 3 0 11 5 19 16 3 6 1 11 12 18 6 11 14 1 2 12 2 2 7 17 3 9 9 6 11 11 9 18 7 8 13 18 17 12 14 18 7 14 15 3 8 17 3 11 2 13 2 0 4 3 4 6 9 4 3 18 14 2 4 6 18 8 8 3 14 11 17 15 19 15 6 19 18 11 5 18 12 1 8 5 3 7 14 3 2 12 19 12 11 1 9 7 8 9 18 0 1 10 0 5 2 1 14 6 1 18 10 1 8 8 1 2 0 3 4 6 18 11 13 8 5 0 18 4 2 12 10 9 3 13 5 11 8 6 0 18 9 0 2 2 13 8 2 18 10 3 10 19 9 9 5 19 6 3 7 2 0 2 2 8 17 10 1 0 1 17 17 5 6 9 13 7 3 15 0 12 10 1 0 7 12 7 14 5 12 11 3 19 3 15 16 6 12 9 1 6 6 15 7 11 14 2 4 5 16 3 18 9 16 0 7 1 8 19 7 9 9 18 8 10 9 18 13 12 14 19 7 9 11 2 7 7 19 11 16 0 9 14 4 11 8 12 0 2 12 15 10 17 0 9 11 8 15 2 2 12 2 15 17 9 7 15 16 5 1 2 10 6 0 0 19 0 6 4 17 5 4 7 16 9 5 18 12 19 5 4 3 2 0 18 16 3 9 5 14 12 1 11 3 10 9 0 10 8 9 16 19 12 5 8 0 13 0 5 5 7 8 2 19 8 13 16 2 0 17 1 8 12 9 12 8 16 15 7 5 13 9 12 14 5 9 6 7 18 8 3 0 15 14 1 18 14 14 14 17 8 15 13 13 12 18 5 10 3 15 11 16 3 5 12 11 10 8 7 3 0 19 8 12 16 9 4 6 17 17 4 8 10 13 16 2 5 11 0 3 5 12 12 6 11 17 9 1 2 4 19 2 13 16 10 15 12 6 6 14 9 19 11 13 13 11 12 15 7 6 15 8 16 9 11 8 3 1 11 3 8 18 6 15 8 17 17 9 3 14 14 6 5 3 2 15 12 0 3 13 5 19 14 8 17 13 9 17 2 9 16 6 0 19 17 17 15 6 0 8 17 8 7 3 11 15 18 0 6 2 4 12 14 6 17 19 12 0 12 15 0 19 10 18 13 19 8 4 10 5 2 17 16 13 9 16 15 2 19 2 17 19 2 2 19 10 17 15 12 16 15 19 0 1 0 6 15 6 7 6 13 17 0 13 19 12 10 13 8 6 1 0 17 9 9 2 6 17 6 11 19 14 2 12 19 19 4 9 3 18 11 8 7 0 0 4 13 2 7 6 9 12 14 18 0 0 9 17 19 4 17 10 15 8 12 7 17 19 10 17 9 18 0 16 0 3 9 6 9 1 14 14 18 19 2 13 10 9 1 19 14 0 16 16 2 10 4 2 8 2 8 18 9 8 18 15 9 3 19 9 16 14 5 18 6 13 16 19 11 13 16 13 15 9 2 14 11 2 6 10 4 16 6 2 4 2 2 4 5 18 17 12 5 6 0 3 13 1 3 8 3 3 17 7 4 19 9 7 0 15 1 17 10 12 3 17 10 19 14 11 10 9 4 1 15 5 17 4 19 19 11 10 0 12 9 14 0 12 14 3 14 12 16 17 9 8 2 0 3 6 4 13 10 17 11 4 13 5 1 16 11 12 17 11 5 1 0 11 11 5 5 2 4 14 16 18 14 9 14 4 8 13 16 11 5 17 8 2 2 12 10 14 15 14 7 3 10 15 17 13 9 16 17 7 18 6 19 18 14 3 6 10 4 5 11 18 0 12 8 0 4 4 18 9 6 8 17 14 7 6 14 12 10 1 19 15 2 7 9 4 7 1 5 13 12 18 4 17 12 16 17 7 2 7 6 16 10 11 5 1 14 12 12 17 12 15 6 16 16 0 15 4 9 19 8 12 13 19 11 2 14 14 3 17 18 5 11 0 12 14 10 8 10 0 16 12 0 6 14 11 19 19 6 5 18 19 1 0 5 4 6 16 11 12 8 18 5 8 8 11 6 11 14 17 6 0 7 14 9 1 17 3 7 17 11 2 0 17 3 17 0 15 8 8 5 15 17 5 12 17 19 5 8 17 16 12 1 3 9 9 14 14 13 2 10 14 13 19 16 8 4 7 6 14 16 15 4 13 18 14 19 14 3 11 9 2 2 6 4 0 0 16 5 16 16 4 8 13 17 7 10 16 12 5 7 5 16 14 7 2 6 12 7 8 11 15 17 0 13 16 2 15 3 11 11 6 17 13 3 9 14 16 17 18 17 8 7 19 18 12 12 12 9 9 5 14 6 9 2 5 11 6 12 14 16 4 2 16 1 17 9 8 14 9 5 10 3 12 4 4 17 16 10 6 16 11 7 18 6 4 13 16 18 14 16 12 3 10 3 13 4 4 14 12 2 9 16 10 2 14 19 15 8 5 4 17 12 15 5 4 17 18 9 19 12 6 8 16 13 12 6 17 5 5 14 12 12 15 18 15 11 15 0 12 9 1 19 0 5 5 9 10 18 1 17 14 9 9 5 19 8 13 16 18 3 15 17 8 4 8 10 11 7 17 15 5 8 12 11 6 12 6 8 5 1 15 4 17 15 0 12 16 1 17 2 3 12 5 17 2 16 0 9 0 3 19 13 2 14 2 12 4 17 11 10 6 4 1 18 2 8 5 16 3 14 3 16 15 7 5 2 14 9 13 11 6 2 19 0 15 0 14 10 0 3 1 11 0 12 1 5 9 18 4 3 4 5 7 11 19 19 10 15 6 18 0 9 10 13 1 18 15 1 6 4 11 14 2 2 0 15 17 14 11 5 13 7 6 14 0 0 17 13 2 8 13 12 0 16 19 8 6 6 18 19 3 6 15 9 12 4 3 2 14 18 1 11 18 11 4 2 10 10 10 15 10 5 3 6 2 19 0 15 17 16 13 9 5 3 6 19 18 15 18 8 5 7 12 6 10 15 0 5 9 17 14 5 5 13 0 7 19 8 11 3 7 13 5 7 3 19 10 14 3 1 12 18 7 2 3 7 18 17 4 3 9 17 6 15 12 7 5 7 3 5 16 0 6 0 7 11 9 7 10 12 1 6 9 11 12 9 12 13 12 12 10 6 4 18 8 15 8 1 5 18 9 6 3 17 18 6 10 11 13 14 2 9 7 11 1 2 14 8 7 18 9 12 5 13 11 3 3 13 7 3 1 3 8 6 7 13 8 18 17 4 13 18 1 1 3 18 3 0 9 4 13 7 18 10 19 17 8 2 5 5 16 2 7 16 4 3 10 7 19 13 3 18 3 7 15 15 10 8 0 14 10 8 2 9 3 5 4 10 14 2 8 0 11 0 19 3 13 1 18 8 15 1 17 14 4 15 10 3 8 12 5 0 8 12 8 15 19 7 18 4 1 8 7 4 17 3 18 11 17 3 16 4 10 6 2 12 2 8 18 7 19 5 15 18 14 12 1 16 0 9 9 3 2 7 3 2 18 1 6 15 18 1 15 8 7 6 2 2 14 12 2 17 6 19 3 15 2 13 7 0 6 6 8 4 0 19 9 11 6 15 2 19 13 12 9 10 1 11 10 13 18 0 10 14 2 17 0 15 14 1 13 14 8 13 17 2 11 14 11 18 9 19 3 19 10 12 19 7 13 12 7 3 16 1 5 7 19 15 14 0 4 10 14 19 15 10 7 4 12 1 17 3 7 17 8 13 3 11 12 12 13 16 17 14 12 3 7 7 6 16 2 2 19 10 7 19 9 15 4 19 5 14 2 19 18 18 12 3 7 15 16 12 15 2 15 4 6 2 12 1 15 2 12 11 16 12 2 12 13 13 14 8 9 13 4 11 4 19 16 7 4 3 5 15 12 2 14 8 5 11 10 1 16 4 3 9 0 15 11 6 18 12 6 11 7 12 15 9 7 16 15 2 5 6 19 15 0 4 8 7 5 1 12 13 10 13 16 1 9 16 2 4 7 8 16 8 17 9 8 0 6 0 19 0 13 14 5 0 9 13 10 14 10 10 14 12 14 9 17 4 2 3 6 14 13 13 15 2 15 0 17 11 18 5 8 19 1 6 4 3 17 4 3 13 13 18 13 16 3 10 18 2 0 3 13 11 2 2 3 13 5 16 4 4 12 17 15 10 10 2 11 4 19 15 2 11 8 13 6 0 3 7 7 3 3 4 13 8 9 10 4 6 5 11 4 15 2 7 5 1 5 2 3 17 14 4 3 7 7 6 11 17 9 11 18 11 15 11 19 19 17 3 10 8 14 14 5 19 17 15 1 16 17 11 4 13 1 15 16 13 19 18 8 4 13 18 10 14 3 15 10 7 6 19 19 2 17 16 3 15 17 4 7 11 7 17 12 11 10 2 12 8 11 9 19 11 15 12 17 17 2 6 2 11 10 13 16 16 17 11 9 19 18 2 2 0 12 1 6 0 19 7 8 13 15 11 11 3 5 16 1 11 6 10 17 5 8 17 18 12 9 1 4 12 8 17 9 18 10 9 7 12 7 0 8 9 0 15 18 13 4 18 2 19 11 10 17 0 3 5 18 15 6 12 11 5 19 11 18 12 16 19 2 13 18 15 19 9 8 5 3 7 8 5 8 16 15 11 18 0 11 4 8 13 13 11 19 12 11 17 14 5 11 7 17 5 10 19 2 9 1 3 14 1 15 1 16 13 19 16 6 12 3 7 5 2 8 2 8 11 17 3 1 17 4 7 12 4 14 14 17 11 3 3 10 2 0 13 13 11 17 12 3 11 11 16 3 14 4 16 3 19 3 16 5 7 15 14 9 12 6 7 16 2 6 1 11 18 2 15 8 19 2 12 3 11 4 12 13 11 19 14 13 7 8 5 5 3 7 14 3 0 1 15 4 9 2 5 17 12 0 1 11 7 2 16 15 5 0 2 9 18 11 17 3 14 0 19 10 11 0 0 14 3 8 5 13 5 18 7 13 2 10 18 15 8 6 14 17 3 19 11 13 10 9 3 10 1 13 6 5 15 1 0 4 14 19 1 0 12 7 12 19 13 5 13 14 1 10 1 19 8 11 8 14 19 19 14 11 15 2 16 1 9 16 12 4 7 14 3 9 11 0 16 3 14 0 2 10 1 17 7 7 18 13 11 16 7 13 6 12 5 3 3 15 16 9 8 15 15 6 2 5 2 19 14 3 11 15 7 19 9 17 11 19 14 15 14 0 13 3 15 6 5 10 16 10 16 2 8 14 4 1 17 12 11 11 3 8 0 14 18 3 14 8 2 17 12 14 19 16 9 7 15 18 19 5 19 3 16 7 5 11 19 0 12 8 6 10 1 17 7 16 5 18 10 18 8 10 3 9 2 4 3 13 14 5 5 5 11 19 18 14 0 18 16 4 17 6 11 12 12 7 19 15 2 17 7 9 9 19 8 4 0 17 14 13 5 10 6 2 2 15 7 12 19 6 8 18 10 9 13 1 6 8 17 2 0 16 14 9 5 2 16 14 6 19 0 5 11 1 5 1 0 8 19 8 0 7 8 0 15 3 6 13 19 10 17 18 1 5 12 7 18 4 14 4 19 9 9 19 18 16 8 0 7 9 14 14 1 10 19 16 12 16 12 12 7 13 7 11 15 0 13 7 14 9 10 14 7 3 11 10 16 0 1 3 6 11 16 7 14 5 11 17 19 2 15 12 1 17 12 3 13 5 0 9 15 7 13 4 8 6 3 5 8 15 3 3 17 0 16 10 6 8 3 16 8 11 6 16 9 19 12 10 10 4 10 14 6 15 13 11 8 18 4 6 7 16 19 2 15 1 7 6 11 2 1 14 15 6 2 4 10 11 0 13 8 5 12 3 5 2 16 11 3 4 16 1 16 17 8 0 3 9 7 8 7 14 6 10 14 10 9 16 14 12 18 9 1 0 3 12 18 4 11 13 18 17 18 11 19 14 1 15 15 14 16 14 18 6 14 13 6 3 10 15 2 19 11 19 7 15 19 17 8 9 9 12 0 4 4 1 14 16 16 7 5 5 9 17 5 4 0 6 10 6 9 19 18 16 8 17 7 11 11 2 11 10 3 8 19 13 3 8 6 18 8 19 1 2 13 19 1 2 15 1 8 4 5 5 7 5 4 14 9 11 14 13 19 19 16 0 11 5 16 8 19 16 10 15 13 17 4 3 1 18 7 15 4 18 18 8 14 13 18 3 17 7 13 11 1 18 12 6 0 2 19 13 6 11 5 16 7 16 19 4 6 11 6 5 12 16 5 7 13 4 19 0 0 16 17 14 1 18 13 0 3 0 15 11 4 13 1 16 10 15 11 8 7 15 19 2 7 9 4 0 0 13 10 17 9 0 11
2 12 15 23 35 43 59 65 79 93 98 99 104 123 126 129 131 144 148 150 175 176 178 184 189 196 208 209 216 217 226 234 235 239 246 247 250 253 254 257 262 275 280 283 284 288 293 303 307 318 319 320 322 323 324 334 335 338 343 380 388 396 407 410 412 421 431 438 440 453 462 474 476 480 482 483 492 501 516 517 557 560 562 563 575 596 605 611 615 619 620 625 630 635 636 646 647 653 655 658 669 675 684 688 697 707 720 723 754 757 760 765 770 780 796 800 806 821 823 826 833 835 839 847 848 850 851 859 861 870 897 899 902 908 909 917 920 928 935 956 962 963 980 998 1010 1013 1018 1019 1025 1040 1041 1042 1043 1044 1051 1057 1059 1065 1089 1090 1092 1094 1108 1129 1131 1143 1144 1145 1150 1161 1175 1186 1194 1196 1200 1212 1226 1233 1240 1241 1244 1245 1262 1264 1268 1272 1277 1280 1283 1288 1290 1292 1293 1294 1296 1298 1304 1305 1314 1319 1329 1330 1331 1341 1343 1348 1374 1389 1392 1397 1408 1410 1422 1440 1441 1443 1444 1451 1463 1464 1466 1474 1478 1480 1482 1489 1515 1518 1522 1523 1524 1525 1529 1535 1538 1540 1544 1548 1553 1554 1555 1559 1560 1562 1565 1574 1575 1576 1582 1585 1594 1602 1608 1611 1632 1635 1642 1647 1656 1663 1684 1686 1702 1721 1727 1731 1732 1736 1743 1745 1755 1774 1785 1787 1797 1800 1811 1821 1824 1833 1835 1837 1847 1848 1849 1852 1859 1863 1884 1905 1908 1909 1918 1920 1923 1934 1956 1957 1960 1977 1978 1986 1993 2025 2026 2035 2039 2056 2058 2066 2068 2072 2078 2079 2082 2083 2113 2121 2129 2141 2161 2166 2168 2171 2172 2175 2178 2187 2201 2202 2204 2205 2223 2241 2244 2259 2261 2262 2266 2269 2274 2279 2284 2286 2302 2308 2323 2325 2331 2332 2335 2348 2366 2369 2371 2379 2383 2395 2401 2405 2406 2416 2435 2448 2452 2473 2474 2477 2478 2485 2487 2489 2492 2498 2503 2531 2536 2568 2584 2615 2616 2620 2632 2644 2648 2668 2669 2680 2682 2690 2694 2696 2697 2698 2701 2707 2712 2719 2720 2724 2728 2732 2766 2771 2781 2784 2796 2806 2808 2812 2826 2827 2833 2848 2849 2852 2854 2858 2875 2907 2913 2926 2927 2936 2943 2949 2950 2952 2967 2968 2980 2989 2990 2991 2998 3006 3008 3021 3027 3034 3057 3068 3070 3075 3078 3082 3083 3084 3092 3106 3115 3116 3126 3144 3152 3160 3181 3194 3199 3204 3205 3210 3211 3212 3213 3214 3219 3222 3233 3234 3239 3243 3249 3251 3252 3254 3255 3268 3269 3270 3284 3301 3302 3318 3331 3345 3349 3350 3355 3356 3358 3372 3374 3375 3388 3395 3401 3408 3412 3417 3418 3419 3430 3433 3493 3502 3510 3515 3554 3555 3562 3564 3565 3569 3577 3589 3605 3626 3634 3635 3636 3650 3651 3652 3658 3668 3669 3670 3671 3675 3676 3680 3684 3687 3691 3704 3710 3712 3716 3734 3736 3739 3742 3743 3747 3751 3753 3759 3764 3791 3800 3802 3816 3820 3825 3831 3841 3845 3858 3868 3879 3901 3904 3919 3928 3929 3934 3935 3937 3940 3942 3949 3952 3953 3954 3970 3971 3979 3980 3981 3997 4013 4017 4024 4025 4026 4036 4046 4048 4050 4054 4059 4060 4061 4062 4077 4081 4088 4090 4092 4113 4116 4122 4139 4168 4169 4178 4200 4209 4212 4229 4234 4235 4242 4246 4258 4267 4274 4288 4295 4304 4318 4330 4343 4363 4374 4390 4392 4401 4442 4447 4451 4467 4475 4484 4491 4505 4506 4517 4518 4525 4530 4533 4540 4550 4552 4553 4565 4566 4572 4573 4580 4583 4585 4591 4596 4612 4623 4632 4656 4661 4666 4668 4678 4679 4680 4686 4699 4703 4714 4722 4723 4742 4753 4764 4772 4775 4776 4777 4788 4791 4795 4803 4810 4812 4815 4816 4817 4818 4819 4820 4825 4836 4837 4863 4864 4870 4871 4873 4880 4885 4915 4926 4930 4936 4942 4943 4950 4955 4957 4963 4976 4978 4984 4997 5004 5008 5017 5019 5026 5030 5039 5045 5051 5052 5053 5066 5070 5072 5080 5101 5103 5104 5109 5113 5119 5120 5149 5150 5169 5211 5212 5221 5234 5237 5242 5251 5255 5256 5263 5272 5274 5282 5283 5284 5285 5286 5293 5295 5306 5308 5313 5322 5327 5328 5332 5342 5344 5346 5352 5355 5361 5363 5368 5369 5372 5377 5380 5386 5401 5404 5407 5412 5428 5429 5430 5435 5441 5467 5469 5482 5489 5490 5494 5495 5503 5508 5511 5514 5519 5529 5535 5544 5551 5553 5556 5566 5570 5573 5580 5585 5591 5602 5638 5642 5644 5650 5651 5675 5677 5688 5690 5695 5706 5715 5721 5722 5728 5731 5733 5734 5758 5787 5788 5792 5793 5794 5803 5821 5822 5830 5838 5841 5846 5847 5857 5858 5872 5894 5911 5913 5919 5923 5926 5956 5957 5975 5983 5995 5998 6002 6003 6011 6028 6037 6045 6046 6047 6048 6050 6060 6061 6063 6069 6072 6081 6088 6091 6093 6115 6131 6132 6136 6137 6138 6149 6155 6156 6167 6169 6172 6174 6181 6185 6186 6187 6191 6192 6199 6205 6209 6214 6220 6240 6241 6243 6252 6261 6265 6272 6282 6287 6296 6298 6302 6315 6318 6321 6328 6329 6332 6335 6341 6344 6345 6346 6348 6349 6350 6351 6352 6375 6381 6382 6402 6405 6408 6414 6416 6421 6422 6423 6433 6435 6459 6461 6470 6471 6476 6483 6486 6508 6546 6550 6551 6559 6564 6571 6573 6580 6589 6598 6599 6624 6631 6633 6651 6655 6659 6660 6661 6663 6664 6678 6680 6683 6692 6695 6717 6721 6724 6735 6751 6755 6757 6759 6761 6769 6779 6785 6829 6831 6833 6845 6849 6851 6863 6880 6881 6889 6890 6897 6900 6909 6919 6921 6924 6925 6930 6937 6958 6959 6971 6978 6987 6994 7003 7005 7009 7011 7028 7032 7044 7053 7060 7075 7079 7085 7091 7111 7120 7138 7148 7151 7157 7164 7170 7171 7173 7178 7179 7180 7181 7187 7189 7198 7201 7226 7238 7242 7258 7259 7261 7270 7276 7280 7284 7286 7290 7301 7302 7303 7307 7319 7343 7351 7356 7358 7360 7361 7375 7382 7392 7397 7399 7401 7406 7407 7408 7413 7417 7430 7431 7435 7442 7453 7462 7466 7469 7470 7471 7479 7486 7487 7496 7504 7507 7513 7520 7522 7524 7528 7533 7535 7540 7542 7551 7555 7556 7563 7565 7567 7572 7577 7580 7594 7595 7597 7599 7601 7608 7618 7623 7644 7646 7656 7657 7658 7681 7688 7707 7714 7719 7724 7746 7750 7758 7761 7762 7763 7768 7769 7774 7776 7778 7780 7783 7791 7798 7799 7800 7801 7806 7834 7846 7850 7860 7864 7866 7867 7877 7889 7890 7907 7922 7929 7932 7956 7959 7962 7969 7973 7977 7979 7986 7998 8003 8012 8013 8026 8036 8040 8042 8045 8064 8072 8073 8080 8081 8086 8088 8090 8092 8095 8096 8097 8100 8106 8107 8108 8109 8110 8111 8112 8115 8120 8146 8150 8156 8157 8159 8166 8168 8176 8177 8180 8181 8185 8198 8207 8218 8231 8248 8255 8263 8268 8281 8287 8303 8304 8309 8312 8333 8335 8338 8350 8352 8359 8364 8371 8390 8391 8393 8395 8396 8419 8429 8433 8435 8447 8453 8456 8467 8471 8478 8483 8488 8521 8527 8530 8534 8545 8547 8560 8561 8564 8571 8580 8581 8600 8627 8636 8639 8641 8642 8643 8650 8669 8676 8685 8686 8688 8689 8702 8733 8734 8756 8757 8759 8760 8767 8783 8786 8798 8806 8808 8815 8820 8828 8830 8834 8845 8860 8873 8874 8891 8899 8900 8906 8913 8914 8915 8934 8936 8938 8939 8948 8968 8970 8987 8988 9023 9029 9055 9063 9064 9084 9085 9093 9095 9103 9107 9108 9115 9124 9139 9140 9147 9154 9170 9181 9185 9190 9196 9199 9200 9201 9216 9230 9231 9238 9244 9247 9251 9269 9272 9279 9282 9293 9296 9301 9303 9304 9307 9322 9323 9327 9336 9338 9352 9353 9373 9404 9410 9428 9447 9453 9455 9462 9482 9485 9494 9502 9509 9510 9512 9514 9515 9526 9530 9531 9571 9581 9584 9589 9590 9601 9609 9610 9611 9612 9618 9619 9633 9634 9636 9637 9639 9640 9646 9656 9661 9662 9663 9675 9679 9680 9691 9692 9697 9701 9711 9729 9731 9739 9742 9746 9756 9768 9780 9785 9789 9802 9804 9807 9814 9818 9841 9842 9844 9850 9857 9860 9864 9874 9876 9888 9889 9890 9892 9894 9899 9902 9904 9907 9920 9933 9939 9949 9952 9976 9983 9986 9998 9999 10000 10003 10004 10006 10017 10018 10034 10035 10036 10037 10069 10073 10074 10080 10095 10098 10107 10108 10109 10118 10129 10142 10143 10158 10165 10177 10178 10185 10188 10189 10190 10191 10195 10203 10208 10211 10216 10222 10258 10264 10280 10296 10303 10309 10315 10324 10325 10326 10327 10329 10330 10342 10354 10357 10358 10360 10366 10370 10372 10378 10395 10397 10400 10416 10420 10421 10424 10440 10450 10453 10464 10472 10504 10513 10523 10525 10526 10530 10531 10543 10550 10559 10564 10570 10571 10572 10573 10575 10582 10585 10586 10588 10591 10593 10595 10597 10608 10609 10613 10614 10617 10620 10624 10627 10628 10632 10638 10654 10668 10672 10678 10687 10691 10709 10721 10726 10733 10736 10760 10766 10776 10782 10787 10795 10801 10813 10833 10837 10864 10874 10882 10906 10920 10927 10930 10932 10937 10940 10944 10948 10949 10957 10962 10966 10975 10976 10979 10984 10986 10988 10996 11003 11004 11016 11024 11028 11032 11035 11037 11039 11047 11049 11057 11065 11066 11067 11080 11084 11091 11093 11101 11102 11103 11120 11122 11132 11135 11138 11140 11144 11147 11148 11154 11165 11168 11184 11188 11194 11195 11202 11205 11221 11225 11226 11227 11228 11231 11235 11242 11243 11247 11256 11259 11267 11273 11278 11307 11313 11316 11330 11345 11355 11358 11362 11371 11378 11379 11390 11399 11401 11405 11406 11412 11419 11425 11432 11445 11449 11456 11464 11468 11469 11481 11482 11486 11490 11506 11510 11524 11527 11530 11533 11539 11555 11571 11576 11601 11606 11625 11626 11644 11657 11661 11668 11671 11691 11696 11699 11710 11711 11716 11723 11741 11742 11748 11750 11764 11769 11781 11811 11821 11829 11830 11832 11856 11860 11861 11862 11887 11892 11897 11899 11908 11909 11914 11917 11922 11929 11945 11949 11952 11982 11986 11999 12024 12025 12027 12030 12041 12043 12045 12048 12066 12068 12074 12081 12084 12106 12112 12129 12130 12135 12136 12142 12144 12159 12162 12175 12186 12188 12191 12198 12203 12205 12210 12222 12262 12272 12282 12284 12293 12297 12306 12308 12315 12316 12328 12331 12332 12338 12339 12350 12359 12363 12365 12371 12372 12375 12383 12391 12393 12397 12398 12403 12409 12415 12419 12420 12432 12438 12443 12454 12456 12457 12468 12496 12511 12513 12514 12524 12534 12535 12551 12568 12569 12570 12579 12581 12589 12591 12596 12604 12605 12609 12611 12621 12635 12637 12645 12646 12648 12649 12668 12670 12675 12678 12682 12700 12706 12712 12719 12722 12730 12739 12742 12747 12758 12769 12774 12786 12787 12799 12800 12803 12806 12812 12826 12838 12839 12853 12865 12874 12891 12906 12907 12917 12946 12947 12952 12968 12982 12987 12989 12990 13003 13026 13028 13043 13044 13050 13053 13055 13061 13081 13082 13084 13092 13094 13096 13103 13106 13115 13116 13117 13120 13124 13131 13138 13145 13148 13163 13170 13180 13209 13210 13212 13213 13217 13226 13236 13246 13253 13259 13260 13265 13266 13267 13278 13279 13292 13310 13312 13313 13320 13323 13326 13337 13355 13359 13364 13370 13375 13376 13401 13417 13419 13420 13429 13430 13432 13433 13434 13435 13440 13444 13445 13448 13449 13451 13454 13478 13485 13500 13501 13505 13510 13517 13518 13526 13546 13547 13558 13565 13568 13575 13576 13579 13582 13585 13604 13612 13617 13632 13633 13641 13642 13643 13657 13659 13662 13663 13672 13673 13698 13701 13705 13707 13720 13732 13737 13739 13757 13770 13771 13773 13782 13786 13813 13816 13823 13826 13827 13828 13832 13838 13858 13866 13886 13889 13892 13903 13923 13924 13927 13930 13943 13951 13953 13958 13965 13966 13981 13982 13984 13985 13986 14002 14015 14018 14023 14039 14057 14064 14077 14085 14086 14088 14094 14096 14106 14108 14109 14121 14123 14125 14133 14136 14145 14150 14151 14155 14162 14168 14171 14176 14177 14202 14209 14210 14220 14222 14226 14254 14255 14259 14260 14275 14282 14284 14295 14311 14314 14332 14336 14346 14348 14362 14364 14366 14369 14377 14378 14381 14383 14399 14408 14412 14413 14414 14417 14418 14420 14423 14445 14448 14455 14466 14468 14475 14483 14484 14491 14499 14508 14514 14519 14543 14545 14567 14568 14576 14577 14581 14584 14593 14596 14601 14604 14608 14612 14617 14630 14631 14652 14660 14679 14680 14681 14695 14707 14710 14711 14712 14726 14730 14734 14736 14737 14754 14769 14776 14780 14783 14784 14785 14792 14795 14808 14812 14823 14825 14827 14829 14830 14843 14851 14853 14875 14884 14896 14901 14904 14906 14914 14915 14930 14933 14940 14946 14947 14951 14955 14959 14960 14963 14974 14991 14994 14999 15004 15028 15034 15036 15047 15052 15057 15067 15070 15071 15076 15086 15100 15101 15108 15111 15117 15122 15129 15130 15133 15136 15148 15193 15195 15198 15211 15212 15227 15240 15242 15251 15261 15262 15276 15289 15299 15342 15349 15353 15354 15356 15359 15360 15364 15367 15380 15388 15410 15413 15420 15425 15432 15435 15443 15447 15450 15451 15462 15463 15471 15481 15495 15502 15514 15515 15526 15527 15528 15532 15534 15535 15543 15553 15556 15558 15573 15574 15581 15585 15593 15602 15614 15616 15619 15621 15641 15644 15645 15649 15650 15651 15672 15673 15674 15690 15714 15723 15731 15736 15744 15747 15748 15750 15762 15765 15786 15789 15793 15805 15808 15809 15813 15817 15823 15831 15833 15836 15838 15839 15849 15894 15895 15907 15915 15924 15925 15940 15942 15954 15960 15961 15982 15983 15984 15994 16005 16038 16042 16046 16050 16074 16087 16095 16097 16100 16108 16127 16134 16135 16139 16147 16149 16150 16163 16167 16178 16180 16186 16189 16192 16204 16207 16209 16214 16224 16239 16244 16248 16249 16251 16252 16253 16258 16260 16264 16265 16267 16274 16279 16281 16291 16292 16301 16308 16310 16312 16315 16321 16330 16331 16333 16334 16350 16356 16358 16363 16366 16380 16381 16393 16395 16405 16406 16407 16415 16416 16418 16420 16425 16430 16442 16461 16464 16466 16469 16477 16479 16502 16505 16506 16511 16516 16518 16522 16550 16560 16563 16568 16572 16576 16578 16579 16590 16591 16608 16615 16634 16645 16647 16655 16656 16664 16671 16672 16676 16696 16697 16701 16706 16715 16726 16735 16738 16747 16751 16755 16756 16765 16770 16775 16781 16784 16819 16820 16834 16845 16847 16849 16859 16873 16874 16875 16877 16894 16899 16912 16932 16946 16953 16963 16964 16972 16983 16984 16985 16997 17001 17002 17003 17005 17006 17017 17028 17029 17067 17069 17070 17072 17076 17089 17094 17106 17122 17123 17135 17148 17152 17153 17187 17200 17204 17206 17217 17218 17219 17220 17223 17229 17231 17244 17252 17275 17282 17283 17285 17299 17308 17311 17320 17326 17327 17353 17357 17369 17375 17383 17386 17387 17388 17396 17400 17404 17406 17407 17408 17415 17416 17417 17421 17438 17448 17451 17462 17468 17478 17487 17501 17503 17511 17521 17526 17530 17531 17546 17550 17568 17572 17576 17579 17580 17590 17594 17602 17604 17616 17618 17625 17626 17635 17647 17658 17663 17664 17667 17677 17679 17698 17705 17706 17711 17713 17717 17729 17730 17731 17740 17744 17759 17760 17768 17770 17771 17782 17798 17799 17801 17802 17809 17813 17832 17856 17861 17867 17871 17872 17876 17877 17883 17899 17906 17917 17925 17934 17943 17954 17955 17960 17965 17966 17970 17973 17991 17998 18002 18005 18017 18030 18032 18038 18039 18040 18061 18063 18074 18078 18079 18080 18087 18090 18102 18106 18115 18118 18119 18124 18141 18164 18172 18175 18185 18186 18188 18189 18198 18199 18200 18206 18231 18232 18242 18263 18273 18282 18284 18322 18344 18345 18347 18348 18356 18357 18364 18372 18375 18376 18384 18387 18395 18396 18399 18404 18406 18414 18421 18422 18423 18435 18443 18452 18458 18460 18461 18475 18482 18484 18492 18493 18517 18522 18523 18529 18533 18538 18542 18549 18550 18552 18571 18599 18600 18608 18617 18619 18630 18632 18645 18646 18669 18672 18681 18682 18692 18695 18696 18712 18719 18724 18744 18745 18747 18748 18761 18765 18783 18791 18792 18803 18808 18819 18837 18838 18842 18846 18849 18856 18864 18889 18897 18898 18899 18902 18939 18947 18950 18956 18965 18998 19002 19007 19015 19017 19026 19034 19053 19055 19058 19098 19103 19108 19123 19126 19127 19134 19135 19136 19140 19145 19151 19154 19166 19185 19188 19190 19197 19200 19201 19210 19215 19217 19221 19222 19223 19224 19230 19238 19248 19256 19261 19282 19290 19297 19316 19339 19342 19343 19348 19369 19376 19380 19381 19386 19390 19394 19404 19437 19440 19447 19453 19460 19477 19482 19487 19492 19495 19501 19502 19503 19509 19512 19517 19522 19543 19564 19566 19576 19587 19588 19589 19590 19597 19600 19601 19621 19626 19628 19635 19636 19644 19647 19654 19659 19661 19663 19667 19679 19700 19702 19703 19727 19730 19731 19732 19738 19742 19755 19760 19767 19772 19777 19784 19788 19791 19797 19801 19817 19818 19822 19829 19832 19839 19847 19855 19873 19877 19890 19894 19905 19917 19919 19920 19921 19926 19934 19938 19944 19945 19951 19953 19954 19961 19963 19969 19971 19973 19976 19984 19986 19987 20009 20012 20016 20028 20038 20052 20058 20059 20060 20061 20062 20063 20071 20080 20083 20092 20094 20096 20097 20117 20121 20122 20124 20133 20134 20146 20163 20164 20165 20166 20168 20177 20197 20201 20205 20219 20232 20236 20241 20246 20253 20254 20260 20273 20279 20292 20307 20313 20319 20320 20341 20343 20344 20356 20366 20367 20369 20370 20371 20372 20379 20382 20392 20401 20406 20412 20413 20422 20423 20427 20428 20437 20439 20442 20459 20467 20470 20475 20480 20490 20507 20512 20514 20527 20528 20529 20530 20532 20543 20545 20549 20552 20560 20561 20562 20571 20572 20573 20574 20575 20607 20613 20618 20619 20628 20646 20654 20663 20677 20686 20711 20712 20719 20720 20722 20730 20732 20745 20750 20751 20757 20759 20760 20773 20780 20784 20789 20792 20803 20804 20805 20809 20812 20816 20817 20818 20836 20841 20842 20846 20852 20873 20884 20888 20892 20901 20912 20914 20922 20939 20940 20941 20960 20962 20965 20972 20982 20988 20993 20997 21005 21021 21022 21031 21038 21040 21041 21053 21057 21059 21080 21086 21093 21103 21115 21122 21126 21134 21139 21141 21143 21146 21148 21153 21157 21160 21165 21166 21167 21173 21183 21193 21214 21217 21230 21235 21236 21240 21242 21243 21249 21265 21271 21278 21283 21287 21294 21306 21329 21334 21338 21347 21352 21353 21364 21366 21367 21368 21378 21382 21387 21398 21399 21402 21407 21414 21416 21417 21420 21435 21440 21457 21461 21462 21466 21487 21491 21492 21503 21508 21530 21531 21532 21538 21552 21564 21568 21569 21572 21582 21584 21603 21608 21612 21615 21616 21626 21634 21649 21652 21657 21668 21669 21673 21678 21679 21683 21684 21688 21695 21702 21707 21758 21764 21787 21790 21808 21821 21827 21828 21829 21839 21840 21848 21849 21851 21861 21867 21870 21892 21895 21900 21902 21911 21912 21917 21918 21934 21946 21947 21951 21956 21959 21968 21973 21989 21990 21994 22013 22016 22017 22029 22042 22046 22049 22067 22069 22070 22078 22121 22129 22135 22136 22137 22148 22165 22177 22180 22181 22187 22194 22196 22199 22200 22201 22204 22232 22233 22238 22247 22248 22250 22266 22273 22274 22281 22285 22297 22304 22305 22306 22310 22327 22328 22354 22364 22367 22372 22382 22395 22396 22398 22400 22403 22407 22415 22416 22418 22429 22431 22436 22438 22439 22440 22441 22483 22485 22493 22503 22510 22529 22533 22534 22535 22564 22565 22566 22570 22576 22577 22584 22589 22613 22620 22625 22626 22636 22646 22649 22651 22656 22660 22674 22684 22685 22686 22689 22695 22710 22716 22717 22718 22722 22728 22731 22736 22742 22749 22768 22784 22793 22797 22806 22808 22822 22829 22836 22842 22843 22845 22846 22863 22872 22874 22878 22881 22885 22895 22896 22897 22905 22908 22916 22925 22929 22948 22950 22952 22953 22964 22967 22968 22969 22977 22987 22991 22996 22999 23008 23016 23021 23043 23044 23051 23052 23056 23061 23079 23086 23099 23100 23101 23102 23112 23113 23115 23127 23143 23151 23168 23169 23170 23181 23192 23197 23205 23221 23224 23227 23230 23233 23234 23235 23239 23244 23257 23262 23268 23279 23282 23283 23285 23286 23298 23300 23313 23317 23318 23319 23329 23340 23352 23356 23363 23369 23370 23371 23397 23406 23411 23413 23414 23427 23431 23433 23437 23439 23447 23454 23455 23462 23467 23469 23470 23485 23549 23559 23560 23562 23567 23572 23577 23580 23583 23598 23612 23619 23643 23657 23658 23661 23663 23668 23670 23674 23678 23684 23687 23690 23693 23699 23700 23708 23713 23723 23726 23738 23739 23742 23747 23751 23754 23756 23759 23763 23825 23835 23852 23864 23865 23866 23879 23899 23900 23901 23909 23910 23911 23912 23913 23914 23916 23917 23923 23930 23931 23940 23941 23957 23960 23966 23981 23991 23993 24000 24004 24009 24012 24023 24026 24027 24030 24035 24042 24044 24045 24049 24053 24056 24060 24061 24062 24066 24070 24071 24081 24087 24089 24092 24096 24099 24100 24103 24108 24110 24119 24120 24128 24143 24147 24165 24173 24190 24192 24193 24194 24205 24226 24233 24247 24253 24261 24268 24289 24291 24297 24298 24304 24307 24309 24319 24320 24331 24340 24341 24348 24351 24355 24367 24377 24409 24417 24418 24423 24429 24431 24438 24443 24446 24450 24464 24470 24486 24518 24534 24535 24538 24542 24544 24552 24563 24567 24574 24575 24577 24585 24590 24605 24614 24628 24632 24635 24636 24645 24671 24697 24702 24713 24717 24718 24740 24744 24759 24764 24771 24781 24782 24783 24792 24798 24799 24800 24801 24812 24820 24821 24829 24835 24861 24866 24867 24872 24880 24885 24905 24907 24908 24917 24928 24929 24938 24949 25000 25015 25023 25039 25052 25057 25058 25063 25089 25097 25098 25104 25112 25123 25124 25132 25137 25149 25155 25165 25178 25190 25192 25200 25211 25212 25217 25218 25228 25235 25237 25239 25251 25252 25260 25275 25279 25287 25290 25297 25298 25301 25303 25306 25322 25323 25325 25329 25330 25357 25364 25376 25377 25379 25380 25381 25383 25393 25398 25403 25413 25414 25416 25423 25425 25426 25434 25444 25450 25451 25458 25465 25470 25489 25491 25501 25539 25551 25564 25570 25575 25584 25587 25589 25592 25593 25599 25613 25618 25625 25629 25630 25658 25665 25666 25671 25675 25680 25683 25699 25700 25702 25710 25711 25713 25720 25721 25727 25730 25736 25737 25752 25754 25756 25757 25758 25760 25776 25777 25778 25779 25785 25796 25801 25805 25810 25825 25828 25831 25843 25845 25847 25858 25863 25877 25883 25884 25894 25896 25898 25900 25901 25929 25930 25934 25935 25940 25952 25953 25956 25961 25962 25963 25966 25968 25970 25975 25976 25984 25985 25997 25998 26007 26018 26027 26030 26031 26037 26041 26053 26058 26059 26062 26065 26069 26080 26090 26099 26100 26101 26115 26120 26132 26134 26149 26152 26154 26155 26174 26185 26186 26187 26225 26226 26241 26243 26255 26260 26277 26283 26287 26295 26296 26297 26314 26315 26321 26325 26334 26341 26351 26356 26376 26377 26386 26396 26398 26405 26406 26407 26412 26421 26422 26423 26430 26451 26464 26474 26490 26497 26502 26511 26518 26522 26525 26526 26533 26535 26540 26541 26545 26546 26547 26550 26562 26564 26567 26568 26575 26584 26588 26598 26599 26604 26614 26624 26625 26626 26645 26674 26679 26695 26705 26706 26707 26709 26716 26717 26721 26727 26742 26763 26765 26769 26772 26780 26793 26797 26800 26815 26816 26817 26818 26821 26822 26827 26828 26829 26836 26851 26854 26856 26857 26861 26868 26873 26875 26878 26882 26889 26896 26900 26903 26904 26909 26910 26914 26917 26920 26946 26948 26951 26957 26961 26967 26968 26974 26980 26983 26985 26986 26987 26995 26999 27003 27011 27012 27021 27036 27041 27042 27043 27054 27062 27084 27098 27101 27112 27120 27131 27137 27153 27155 27160 27162 27169 27171 27177 27178 27198 27205 27214 27224 27229 27232 27235 27254 27256 27264 27273 27285 27306 27315 27316 27319 27325 27329 27330 27336 27350 27354 27372 27379 27380 27389 27390 27394 27403 27420 27423 27432 27460 27469 27479 27480 27494 27497 27498 27504 27505 27508 27509 27513 27522 27532 27535 27538 27543 27550 27565 27588 27604 27623 27627 27630 27634 27648 27693 27694 27697 27699 27710 27711 27715 27718 27725 27734 27735 27742 27743 27746 27748 27763 27774 27795 27798 27810 27816 27817 27819 27820 27822 27823 27824 27825 27846 27862 27866 27870 27873 27885 27893 27898 27915 27925 27933 27945 27958 27965 27990 27993 27994 28001 28015 28019 28023 28043 28044 28052 28054 28058 28084 28085 28089 28097 28102 28110 28112 28119 28124 28132 28142 28147 28150 28153 28154 28157 28158 28165 28166 28169 28177 28184 28185 28190 28197 28202 28203 28209 28210 28211 28217 28219 28220 28221 28230 28236 28244 28258 28259 28263 28270 28271 28292 28307 28308 28310 28323 28324 28325 28340 28345 28346 28352 28365 28369 28379 28387 28398 28406 28409 28427 28431 28437 28443 28452 28453 28455 28456 28459 28460 28469 28474 28475 28477 28481 28485 28492 28506 28509 28510 28511 28512 28519 28528 28533 28537 28562 28564 28565 28590 28604 28605 28606 28610 28619 28621 28624 28630 28662 28663 28665 28672 28684 28690 28692 28695 28702 28706 28729 28731 28743 28744 28763 28764 28770 28817 28830 28832 28834 28835 28839 28862 28865 28869 28873 28880 28884 28887 28888 28895 28896 28930 28934 28937 28944 28946 28947 28955 28956 28960 28966 28967 28968 28969 28972 28987 28991 28994 29013 29016 29020 29021 29028 29032 29055 29056 29066 29078 29087 29090 29101 29107 29114 29115 29120 29125 29126 29130 29132 29133 29134 29137 29144 29147 29153 29155 29163 29176 29179 29180 29193 29198 29199 29204 29212 29217 29247 29259 29272 29274 29283 29295 29299 29302 29306 29311 29322 29328 29342 29354 29355 29377 29380 29381 29392 29393 29397 29404 29411 29412 29413 29416 29417 29420 29432 29434 29461 29464 29470 29477 29478 29479 29480 29484 29503 29507 29512 29519 29522 29532 29538 29539 29547 29566 29567 29573 29575 29591 29596 29597 29599 29601 29602 29603 29604 29612 29615 29625 29632 29640 29644 29646 29648 29649 29650 29654 29660 29672 29675 29677 29684 29685 29686 29688 29697 29698 29699 29700 29706 29709 29710 29712 29722 29723 29758 29767 29768 29769 29778 29791 29802 29817 29823 29824 29830 29835 29842 29856 29870 29873 29874 29889 29902 29912 29917 29918 29922 29929 29930 29932 29933 29941 29949 29951 29969 29979 29980 29988 29992 30011 30018 30020 30021 30025 30026 30035 30039 30054 30057 30059 30060 30064 30065 30088 30089 30114 30127 30131 30136 30139 30149 30154 30155 30165 30174 30194 30196 30200 30203 30208 30209 30247 30255 30256 30257 30270 30276 30277 30289 30291 30302 30304 30317 30320 30322 30330 30337 30338 30345 30351 30371 30373 30374 30375 30376 30378 30379 30380 30385 30387 30391 30395 30403 30404 30407 30410 30414 30415 30416 30422 30466 30471 30473 30480 30485 30494 30495 30498 30499 30503 30507 30508 30509 30510 30511 30516 30517 30520 30534 30537 30538 30548 30550 30551 30552 30566 30567 30568 30569 30570 30573 30582 30586 30588 30589 30599 30618 30637 30648 30649 30651 30652 30660 30665 30672 30673 30675 30679 30682 30686 30695 30696 30698 30699 30709 30743 30749 30753 30756 30759 30765 30773 30775 30778 30783 30789 30809 30816 30823 30829 30830 30834 30835 30837 30840 30841 30856 30859 30882 30895 30898 30904 30908 30929 30938 30945 30949 30960 30961 30967 30968 30981 30995 31006 31014 31019 31024 31029 31030 31035 31037 31041 31045 31047 31052 31055 31074 31079 31100 31116 31155 31173 31182 31189 31199 31201 31217 31220 31224 31238 31249 31253 31254 31255 31268 31270 31283 31294 31320 31321 31325 31331 31334 31335 31343 31352 31354 31355 31356 31357 31390 31396 31400 31415 31416 31417 31420 31434 31441 31445 31453 31457 31462 31469 31474 31475 31476 31487 31492 31525 31526 31528 31552 31553 31554 31555 31564 31593 31598 31600 31606 31611 31613 31630 31636 31637 31659 31660 31663 31665 31679 31696 31698 31699 31706 31720 31729 31738 31741 31745 31747 31766 31770 31773 31787 31792 31801 31807 31808 31823 31826 31829 31833 31846 31853 31885 31887 31891 31909 31919 31925 31927 31934 31942 31946 31947 31948 31961 31962 31963 31982 31990 32002 32005 32018 32020 32027 32034 32040 32042 32056 32057 32066 32068 32072 32081 32084 32090 32110 32111 32115 32120 32124 32153 32163 32169 32178 32182 32185 32186 32198 32199 32215 32217 32220 32238 32244 32258 32262 32269 32280 32294 32302 32306 32317 32328 32332 32333 32341 32344 32348 32354 32361 32364 32369 32376 32380 32401 32416 32424 32435 32447 32458 32462 32466 32468 32470 32472 32481 32492 32494 32501 32502 32504 32508 32509 32516 32518 32523 32525 32546 32548 32550 32556 32557 32558 32561 32578 32581 32620 32622 32628 32638 32643 32644 32652 32665 32668 32677 32700 32721 32727 32728 32730 32736 32740 32745 32763 32764 32765 32768 32777 32790 32805 32808 32809 32811 32813 32823 32824 32836 32841 32850 32851 32852 32853 32880 32886 32890 32891 32896 32903 32904 32915 32920 32922 32925 32928 32941 32947 32948 32953 32976 32978 32987 33014 33019 33023 33037 33039 33044 33055 33070 33074 33080 33094 33098 33103 33105 33107 33113 33117 33119 33125 33126 33129 33131 33137 33150 33160 33168 33169 33173 33174 33182 33183 33184 33204 33218 33238 33239 33246 33247 33251 33252 33258 33272 33277 33279 33282 33285 33286 33288 33290 33313 33318 33319 33329 33331 33335 33340 33345 33351 33352 33353 33360 33370 33374 33380 33381 33387 33390 33412 33431 33440 33453 33464 33469 33470 33492 33501 33518 33530 33540 33553 33558 33560 33569 33572 33583 33592 33598 33609 33614 33615 33616 33619 33622 33631 33645 33646 33662 33677 33687 33688 33740 33743 33748 33749 33750 33751 33757 33779 33794 33796 33807 33821 33826 33832 33842 33849 33850 33854 33855 33869 33871 33873 33880 33887 33896 33905 33913 33921 33922
224 272 266 270 248 336 323 316 301 329 280 344 331 416 308 366 353 391 388 401 402 380 360 435 426 456 445 445 429 464 454 527 495 467 510 507 487 490 491 484 484 526 520 523 521 501 544 538 534 522 583 551 558 560 569 594 599 598 580 593 625 623 700 623 647 643 676 673 676 681 709 687 703 702 717 665 714 765 756 777 784 805 855 767 812 818 827 862 837 855 857 860 890 863 867 893 829 913 892 898 914 888 977 910 990 952 902 958 991 961 987 1016 1010 984 1018 1022 1037 1072 1045 1063 1073 1099 1099 1075 1083 1090 1073 1123 1112 1097 1134 1139 1166 1121 1145 1148 1156 1163 1228 1193 1175 1214 1202 1220 1241 1235 1263 1264 1252 1333 1223 1273 1270 1291 1302 1239 1294 1301 1334 1325 1296 1298 1290 1333 1353 1436 1408 1373 1332 1398 1403 1450 1425 1433 1451 1416 1430 1478 1480 1423 1475 1509 1444 1501 1505 1454 1514 1508 1511 1525 1494 1543 1538 1531 1531 1535 1541 1536 1541 1541 1551 1561 1582 1592 1570 1593 1611 1626 1652 1633 1590 1661 1673 1662 1669 1678 1666 1673 1699 1646 1703 1711 1729 1716 1722 1724 1760 1722 1749 1745 1771 1762 1774 1770 1773 1768 1766 1776 1784 1791 1795 1763 1820 1799 1769 1778 1802 1836 1822 1822 1776 1838 1843 1833 1869 1895 1887 1884 1887 1867 1919 1950 1924 1925 1958 1967 1954 1918 1979 1992 2019 2009 2078 2000 2019 2045 2062 2052 2069 2055 2072 2084 2092 2141 2062 2097 2090 2045 2124 2156 2136 2149 2211 2165 2105 2138 2169 2179 2195 2241 2200 2190 2244 2262 2290 2248 2276 2260 2305 2294 2299 2299 2282 2316 2317 2296 2353 2414 2393 2381 2365 2397 2413 2431 2399 2420 2429 2424 2441 2438 2455 2450 2451 2488 2480 2552 2497 2466 2501 2529 2496 2483 2520 2517 2484 2559 2527 2572 2582 2569 2548 2576 2606 2633 2616 2607 2605 2646 2636 2656 2643 2653 2680 2652 2679 2724 2696 2714 2715 2707 2700 2671 2756 2702 2725 2776 2773 2799 2766 2855 2843 2860 2868 2871 2870 2881 2905 2917 2917 2983 2931 2900 2928 2949 2929 2938 2894 2950 2956 2955 3021 2954 3017 2975 3074 3035 3033 3046 3059 3034 3063 3049 3070 3083 3086 3092 3118 3109 3115 3129 3135 3177 3149 3149 3165 3185 3177 3189 3195 3205 3231 3225 3235 3228 3262 3270 3239 3261 3262 3261 3279 3281 3252 3326 3315 3333 3330 3306 3352 3328 3328 3338 3330 3366 3403 3391 3421 3416 3412 3455 3456 3441 3471 3449 3506 3454 3446 3457 3526 3498 3499 3490 3471 3544 3492 3481 3486 3519 3473 3505 3535 3532 3549 3531 3568 3567 3576 3572 3591 3583 3562 3623 3611 3579 3648 3646 3652 3645 3663 3677 3658 3659 3677 3670 3730 3739 3746 3752 3847 3777 3775 3792 3769 3833 3813 3825 3850 3871 3862 3895 3840 3887 3944 3903 3889 3903 3851 3921 3907 3897 3880 3911 3906 3980 3918 3955 3932 3943 3961 3971 3964 3966 3973 3971 3992 3973 3975 4052 3986 4042 4045 4053 4047 4055 4070 4058 4078 4072 4103 4132 4107 4161 4126 4179 4141 4133 4227 4172 4159 4153 4182 4194 4197 4200 4167 4207 4264 4224 4240 4221 4257 4217 4239 4251 4289 4230 4287 4274 4293 4297 4290 4290 4297 4298 4275 4328 4326 4316 4341 4339 4350 4343 4386 4379 4390 4391 4423 4436 4460 4452 4460 4469 4457 4446 4497 4522 4449 4538 4548 4559 4549 4540 4567 4578 4614 4611 4654 4639 4623 4735 4740 4673 4760 4710 4777 4722 4742 4799 4744 4769 4789 4767 4826 4777 4777 4788 4790 4801 4817 4794 4795 4817 4787 4789 4819 4827 4825 4836 4896 4838 4883 4870 4872 4913 4916 4916 4890 4959 4943 4978 4944 4963 4970 5013 4946 5012 5003 5027 5070 5025 5055 5055 5040 5103 5025 5062 5029 5064 5046 5001 5080 5062 5081 5050 5090 5157 5083 5075 5055 5131 5136 5142 5177 5170 5173 5173 5188 5178 5219 5193 5185 5269 5191 5248 5237 5186 5212 5257 5247 5271 5267 5276 5272 5288 5234 5275 5317 5298 5276 5302 5361 5354 5335 5336 5377 5370 5348 5385 5414 5406 5462 5440 5425 5456 5488 5464 5488 5506 5520 5500 5519 5521 5518 5510 5520 5520 5499 5533 5540 5519 5572 5495 5557 5540 5563 5560 5570 5581 5559 5588 5586 5583 5576 5595 5606 5609 5617 5593 5622 5648 5651 5643 5672 5665 5693 5643 5686 5663 5680 5706 5710 5711 5754 5716 5731 5725 5768 5693 5750 5766 5733 5786 5795 5798 5846 5784 5788 5774 5833 5817 5822 5819 5862 5860 5906 5875 5854 5896 5910 5908 5928 5927 5932 5910 5919 5968 5959 5959 5971 5984 5994 6009 6023 6016 6027 6044 6021 6031 6058 6069 6043 6042 6086 6097 6082 6097 6085 6112 6131 6138 6140 6101 6127 6139 6191 6192 6239 6220 6255 6258 6238 6250 6248 6259 6259 6281 6268 6284 6283 6287 6324 6288 6303 6314 6332 6318 6333 6336 6344 6350 6382 6383 6364 6372 6342 6385 6377 6401 6395 6391 6400 6405 6418 6420 6433 6414 6438 6420 6446 6441 6436 6465 6480 6480 6488 6507 6497 6492 6478 6507 6519 6523 6589 6533 6539 6579 6569 6572 6568 6580 6559 6562 6545 6580 6580 6610 6570 6600 6585 6586 6612 6635 6618 6633 6666 6669 6645 6642 6643 6668 6644 6651 6655 6699 6696 6665 6721 6675 6727 6723 6723 6721 6773 6754 6773 6763 6800 6806 6837 6808 6826 6835 6844 6861 6868 6815 6873 6837 6890 6864 6921 6845 6901 6929 6925 6934 6905 6946 6939 6903 6988 6966 7002 7048 7008 7023 7012 6982 7026 7020 7042 7053 7055 7082 7031 7115 7114 7102 7117 7140 7127 7134 7122 7149 7159 7172 7164 7161 7170 7188 7209 7204 7264 7223 7234 7258 7240 7236 7231 7246 7265 7279 7271 7266 7291 7311 7316 7336 7304 7342 7356 7351 7379 7355 7361 7424 7397 7402 7401 7423 7472 7408 7403 7415 7440 7449 7448 7454 7489 7478 7509 7472 7492 7563 7513 7520 7515 7579 7554 7483 7530 7485 7544 7501 7547 7555 7560 7540 7582 7583 7622 7595 7574 7637 7650 7628 7653 7644 7701 7650 7654 7658 7668 7680 7682 7704 7699 7717 7706 7683 7698 7706 7708 7691 7723 7726 7758 7750 7748 7786 7737 7759 7755 7775 7787 7787 7802 7806 7801 7767 7792 7804 7794 7828 7808 7839 7823 7828 7834 7814 7872 7855 7868 7908 7882 7838 7917 7898 7928 7935 7954 7945 7983 7964 7968 7985 8018 7983 7975 8008 8003 7982 8001 8012 8014 8044 8020 8004 7980 8003 8031 8065 8037 8038 8097 8086 8153 8115 8103 8127 8099 8116 8103 8138 8167 8165 8159 8207 8181 8144 8220 8266 8237 8216 8279 8235 8207 8259 8235 8263 8272 8333 8289 8296 8246 8300 8313 8302 8345 8333 8348 8317 8337 8335 8309 8344 8322 8342 8344 8330 8331 8346 8371 8348 8351 8367 8373 8390 8420 8421 8372 8406 8405 8416 8470 8444 8394 8422 8425 8443 8455 8466 8485 8519 8467 8499 8532 8514 8507 8508 8544 8548 8578 8595 8542 8577 8616 8599 8601 8611 8641 8631 8615 8617 8618 8654 8651 8655 8657 8683 8675 8716 8695 8722 8714 8734 8719 8761 8731 8757 8798 8792 8751 8797 8789 8786 8816 8827 8832 8827 8831 8858 8875 8878 8864 8936 8943 8920 8898 8912 8979 8910 8893 8939 8984 8981 8991 8939 9052 9024 9018 9014 9017 9011 9057 9072 9046 9071 9088 9052 9062 9096 9111 9095 9101 9118 9144 9151 9119 9206 9150 9162 9179 9164 9175 9170 9130 9203 9230 9280 9210 9274 9242 9291 9298 9301 9297 9336 9344 9388 9307 9343 9348 9297 9346 9367 9344 9375 9381 9430 9403 9432 9372 9400 9492 9436 9441 9444 9452 9413 9469 9489 9483 9502 9473 9512 9516 9533 9544 9524 9523 9530 9597 9529 9573 9587 9555 9558 9598 9597 9604 9609 9641 9647 9668 9683 9693 9719 9644 9709 9745 9730 9742 9760 9723 9763 9696 9743 9763 9758 9824 9816 9812 9766 9826 9837 9828 9846 9814 9851 9849 9855 9870 9897 9898 9929 9901 9899 9933 9859 9838 9912 9875 9899 9857 9930 9917 9913 9943 9934 9936 9962 9951 9971 9974 9978 10010 10007 10028 10031 10049 10020 10053 10017 10043 10054 10045 10086 10106 10089 10087 10092 10087 10086 10078 10098 10125 10111 10094 10114 10187 10103 10129 10126 10147 10171 10161 10174 10209 10189 10204 10187 10208 10235 10221 10235 10254 10255 10299 10262 10311 10261 10257 10272 10219 10314 10366 10311 10331 10308 10358 10342 10339 10340 10331 10333 10355 10378 10394 10378 10405 10423 10478 10392 10402 10483 10431 10488 10454 10444 10456 10420 10469 10509 10492 10507 10533 10534 10560 10566 10571 10529 10553 10620 10593 10534 10587 10591 10602 10603 10588 10603 10663 10665 10600 10623 10634 10635 10653 10660 10672 10637 10644 10687 10684 10677 10709 10735 10740 10787 10738 10748 10790 10744 10771 10797 10804 10786 10797 10798 10754 10837 10815 10804 10807 10808 10819 10827 10833 10831 10824 10855 10849 10906 10850 10821 10871 10851 10849 10856 10892 10860 10914 10881 10917 10942 10909 10942 10936 10943 10953 10937 10983 10997 11017 11027 11004 10969 11046 11046 11050 11070 11073 11109 11125 11104 11170 11155 11131 11143 11114 11159 11171 11181 11152 11200 11197 11166 11230 11235 11198 11192 11235 11226 11201 11247 11254 11208 11276 11259 11279 11269 11282 11282 11303 11284 11296 11284 11296 11317 11302 11320 11306 11338 11357 11328 11315 11367 11356 11335 11383 11371 11351 11376 11357 11375 11395 11401 11387 11405 11448 11410 11445 11377 11447 11387 11448 11460 11463 11455 11473 11444 11495 11502 11456 11484 11438 11441 11494 11537 11518 11538 11535 11553 11581 11573 11577 11562 11613 11611 11629 11624 11621 11630 11638 11656 11651 11640 11650 11685 11654 11696 11662 11707 11757 11705 11651 11718 11733 11690 11727 11799 11732 11728 11778 11781 11761 11786 11777 11811 11836 11841 11866 11885 11853 11871 11879 11843 11928 11853 11931 11943 11927 11970 11933 11944 11960 11923 11964 12041 12001 11968 12029 12003 12024 12025 12066 12075 12083 12107 12097 12154 12099 12114 12120 12137 12081 12148 12113 12151 12153 12135 12169 12149 12171 12189 12233 12213 12259 12246 12261 12264 12212 12272 12303 12296 12299 12317 12313 12287 12341 12306 12341 12343 12369 12381 12317 12383 12389 12381 12381 12366 12412 12437 12428 12426 12420 12425 12418 12432 12444 12484 12509 12486 12506 12530 12534 12488 12548 12537 12547 12555 12576 12596 12575 12566 12577 12594 12603 12593 12631 12554 12620 12634 12651 12575 12619 12691 12667 12636 12646 12646 12665 12669 12675 12688 12691 12683 12750 12650 12709 12748 12735 12761 12737 12716 12786 12773 12796 12791 12792 12814 12808 12793 12804 12800 12839 12898 12822 12851 12868 12863 12872 12867 12883 12941 12896 12850 12852 12888 12925 12910 12931 12943 12963 12932 12944 12958 12974 12993 12984 12940 13004 13025 13014 13014 13012 13093 13040 13043 13043 13048 13089 13084 13093 13112 13110 13095 13143 13154 13164 13183 13198 13203 13205 13164 13191 13217 13212 13248 13286 13321 13279 13291 13287 13313 13237 13298 13308 13319 13266 13305 13331 13318 13367 13328 13297 13347 13377 13360 13361 13362 13385 13382 13376 13423 13421 13431 13469 13432 13447 13464 13445 13430 13487 13483 13488 13487 13482 13493 13493 13471 13482 13516 13543 13574 13605 13540 13580 13527 13554 13630 13537 13604 13604 13597 13615 13669 13583 13664 13656 13648 13669 13661 13677 13697 13662 13682 13677 13684 13709 13675 13677 13691 13689 13725 13716 13760 13737 13752 13746 13777 13769 13748 13783 13798 13798 13812 13819 13797 13813 13819 13809 13830 13841 13872 13868 13854 13855 13892 13878 13936 13839 13895 13898 13910 13908 13910 13934 13929 13950 13942 13951 13945 13988 13974 13985 14005 13993 14024 13964 14033 14077 13998 14087 14077 14031 14010 14059 14060 14105 14126 14108 14153 14123 14139 14159 14217 14149 14158 14207 14244 14189 14162 14216 14170 14203 14219 14206 14222 14221 14233 14262 14222 14259 14267 14279 14299 14314 14307 14331 14324 14322 14300 14353 14372 14360 14356 14374 14329 14370 14400 14349 14401 14373 14382 14398 14405 14399 14407 14428 14462 14502 14441 14471 14482 14463 14476 14548 14487 14511 14539 14546 14512 14555 14515 14551 14583 14596 14574 14530 14590 14611 14613 14633 14559 14629 14621 14596 14627 14636 14649 14640 14707 14681 14645 14665 14654 14692 14652 14683 14694 14732 14679 14705 14729 14728 14681 14739 14759 14746 14788 14781 14831 14790 14816 14790 14821 14831 14886 14860 14852 14840 14845 14863 14877 14894 14866 14912 14882 14926 14893 14909 14922 14958 14947 14947 14949 14953 14967 15027 14973 15001 14991 15020 15027 15017 14996 14997 15032 15029 15017 15045 15025 15027 15070 15078 15089 15066 15025 15087 15098 15097 15135 15100 15136 15141 15153 15136 15166 15134 15170 15153 15183 15192 15211 15192 15196 15196 15176 15205 15236 15225 15230 15186 15321 15238 15276 15287 15289 15294 15304 15310 15331 15258 15350 15327 15361 15401 15356 15353 15382 15311 15366 15361 15340 15412 15486 15399 15435 15442 15439 15458 15475 15464 15455 15483 15499 15516 15511 15503 15602 15585 15584 15576 15593 15619 15624 15628 15571 15616 15625 15703 15641 15642 15653 15669 15657 15703 15684 15697 15711 15707 15676 15735 15728 15699 15684 15750 15719 15757 15772 15750 15777 15771 15748 15783 15735 15820 15798 15833 15809 15794 15836 15828 15849 15845 15829 15855 15858 15854 15904 15896 15862 15914 15915 15885 15904 15909 15894 15936 15960 15991 15973 15971 16011 15995 15985 16022 15987 16017 16034 16044 16045 16012 16036 16060 16054 16087 16068 16068 16096 16078 16074 16080 16125 16122 16171 16146 16184 16176 16144 16193 16176 16200 16201 16229 16205 16221 16198 16187 16269 16277 16277 16281 16338 16380 16346 16310 16335 16321 16420 16427 16382 16376 16387 16376 16332 16367 16395 16413 16425 16437 16402 16427 16386 16452 16391 16450 16471 16484 16481 16452 16471 16455 16480 16504 16495 16505 16504 16478 16504 16511 16507 16463 16528 16528 16532 16530 16557 16563 16519 16581 16570 16582 16568 16516 16563 16620 16580 16545 16606 16620 16641 16657 16646 16645 16666 16634 16660 16652 16640 16602 16665 16667 16673 16643 16646 16688 16706 16728 16714 16742 16741 16728 16748 16780 16763 16757 16781 16805 16791 16819 16865 16811 16818 16816 16854 16819 16839 16846 16879 16876 16875 16948 16896 16846 16899 16923 16923 16909 16928 16952 16943 16950 16961 16957 16973 16984 16973 17048 17003 16987 16952 17026 17021 17031 17079 17065 17056 17092 17069 17053 17090 17108 17134 17126 17081 17134 17146 17148 17177 17159 17190 17167 17215 17212 17218 17235 17249 17237 17252 17224 17248 17252 17270 17252 17255 17264 17314 17316 17252 17336 17307 17311 17358 17333 17373 17354 17370 17441 17365 17417 17432 17440 17449 17470 17468 17446 17401 17467 17450 17469 17476 17480 17499 17515 17519 17465 17545 17563 17512 17546 17548 17562 17540 17613 17593 17605 17611 17676 17650 17615 17615 17623 17645 17664 17653 17658 17612 17643 17653 17668 17625 17685 17693 17688 17713 17732 17660 17691 17736 17725 17775 17766 17777 17770 17753 17783 17843 17861 17794 17840 17830 17807 17841 17825 17849 17841 17851 17822 17872 17871 17880 17884 17895 17956 17904 17880 17908 17901 17920 17936 17933 17962 17964 17945 17974 17967 17968 17976 17984 17981 17997 17995 17997 18008 18027 18026 17981 18038 18030 18073 18064 18072 18093 18125 18071 18084 18109 18080 18141 18143 18136 18134 18181 18218 18227 18183 18158 18191 18196 18202 18213 18174 18204 18219 18243 18237 18209 18244 18277 18254 18274 18303 18333 18288 18303 18367 18309 18319 18331 18324 18325 18324 18399 18408 18346 18356 18359 18405 18457 18436 18357 18389 18423 18416 18449 18433 18436 18431 18428 18476 18468 18479 18556 18495 18527 18519 18567 18572 18580 18569 18599 18616 18584 18586 18636 18597 18627 18631 18618 18688 18647 18626 18644 18657 18642 18652 18644 18654 18728 18665 18683 18689 18682 18712 18768 18710 18729 18743 18721 18739 18757 18736 18764 18770 18766 18779 18731 18787 18779 18864 18834 18827 18830 18862 18870 18857 18896 18882 18859 18904 18965 18921 18922 18923 18932 18989 18949 18956 18946 18980 18976 18992 18970 18983 18987 19023 18995 19052 19040 19072 19001 19072 19073 19064 19073 19080 19038 19101 19129 19142 19134 19159 19137 19174 19187 19243 19178 19187 19291 19253 19235 19279 19262 19208 19327 19275 19306 19351 19338 19363 19343 19374 19361 19331 19374 19372 19376 19353 19381 19387 19414 19388 19416 19415 19441 19437 19413 19423 19446 19450 19468 19472 19453 19474 19446 19461 19502 19479 19520 19521 19522 19554 19557 19544 19579 19546 19565 19588 19620 19612 19627 19641 19623 19617 19645 19626 19674 19667 19698 19680 19688 19717 19713 19723 19729 19726 19738 19753 19725 19760 19749 19748 19744 19774 19795 19788 19823 19847 19881 19834 19837 19834 19835 19805 19848 19839 19832 19899 19840 19848 19940 19836 19881 19883 19903 19849 19914 19928 19915 19996 19978 19975 19935 20025 19989 19964 19991 19997 20018 20012 19999 19997 20016 20038 20090 20023 20039 20040 20059 20080 20067 20084 20087 20091 20108 20122 20126 20098 20141 20162 20170 20213 20161 20190 20165 20173 20148 20182 20173 20180 20205 20254 20200 20191 20198 20220 20189 20235 20223 20232 20302 20249 20263 20241 20273 20289 20295 20306 20307 20292 20284 20299 20322 20340 20319 20332 20330 20318 20361 20344 20372 20359 20371 20426 20398 20377 20394 20409 20416 20402 20396 20413 20379 20405 20456 20447 20525 20463 20481 20497 20546 20436 20520 20510 20501 20552 20543 20517 20556 20571 20563 20590 20581 20616 20601 20612 20633 20605 20593 20594 20639 20622 20629 20665 20699 20648 20595 20659 20659 20672 20679 20650 20661 20670 20690 20649 20710 20697 20662 20703 20754 20739 20759 20787 20750 20822 20775 20783 20836 20727 20780 20734 20797 20812 20813 20808 20819 20786 20810 20820 20852 20906 20863 20847 20865 20897 20905 20898 20905 20908 20951 20934 20983 20965 20949 20952 20969 20976 20986 20987 20961 21052 21020 21020 21017 21019 21034 21028 21054 21068 21056 21044 21063 21061 21052 21055 21072 21078 21064 21068 21089 21120 21144 21110 21105 21136 21159 21136 21159 21190 21177 21186 21224 21222 21212 21236 21246 21225 21230 21234 21241 21314 21259 21266 21220 21276 21281 21266 21350 21263 21262 21379 21330 21334 21350 21415 21330 21427 21374 21369 21407 21410 21395 21381 21450 21407 21410 21459 21389 21420 21447 21486 21465 21462 21443 21439 21476 21480 21478 21479 21476 21496 21522 21514 21510 21509 21545 21570 21551 21516 21575 21583 21603 21581 21586 21593 21627 21604 21600 21618 21591 21635 21639 21633 21638 21651 21638 21652 21655 21686 21687 21708 21712 21684 21730 21714 21784 21674 21754 21759 21775 21778 21714 21785 21803 21800 21750 21800 21809 21827 21766 21867 21845 21840 21908 21851 21853 21885 21880 21880 21861 21905 21906 21910 21971 21906 21887 21924 21924 21946 21995 21967 22051 22028 21969 22012 22068 22066 22072 22073 22069 22079 22087 22084 22086 22091 22092 22114 22107 22129 22140 22136 22153 22133 22143 22168 22131 22227 22186 22211 22187 22196 22206 22219 22177 22234 22212 22216 22306 22267 22268 22266 22293 22283 22231 22327 22306 22292 22305 22372 22389 22371 22387 22382 22352 22416 22381 22407 22403 22409 22430 22441 22430 22440 22452 22455 22463 22469 22460 22475 22512 22497 22488 22566 22519 22509 22532 22519 22597 22565 22546 22532 22572 22565 22618 22615 22594 22617 22619 22688 22643 22645 22636 22648 22652 22643 22676 22646 22666 22659 22671 22683 22679 22653 22663 22718 22732 22740 22743 22761 22789 22746 22827 22771 22804 22805 22813 22792 22840 22804 22835 22849 22817 22848 22918 22890 22858 22910 22900 22888 22838 22953 22902 22931 22949 22931 22926 22932 22955 22953 22981 22965 22935 22956 22953 23029 22970 22984 23013 23035 23006 23090 23037 23012 23067 23076 23129 23073 23094 23080 23086 23098 23076 23096 23105 23112 23121 23126 23141 23119 23198 23145 23167 23162 23151 23161 23210 23183 23217 23211 23218 23172 23205 23181 23238 23219 23178 23246 23239 23252 23261 23270 23281 23288 23283 23278 23296 23307 23321 23335 23351 23336 23306 23325 23350 23350 23372 23356 23398 23408 23429 23392 23385 23414 23444 23387 23458 23446 23449 23481 23461 23471 23495 23474 23484 23508 23489 23481 23539 23510 23496 23522 23508 23535 23536 23544 23548 23553 23547 23622 23576 23589 23603 23590 23551 23607 23607 23632 23641 23704 23640 23645 23691 23658 23678 23672 23690 23669 23718 23692 23699 23727 23691 23674 23722 23777 23799 23805 23784 23771 23803 23813 23840 23796 23835 23872 23856 23865 23888 23909 23912 23914 23896 23921 23921 23882 23921 23918 23912 23928 23927 23993 23959 23940 23963 23973 23942 23976 23964 24007 23979 24014 24020 24006 23945 24070 24072 24103 24092 24100 24113 24119 24192 24136 24148 24156 24137 24146 24094 24135 24178 24153 24121 24105 24157 24178 24122 24145 24179 24211 24202 24185 24204 24238 24260 24186 24240 24216 24205 24286 24320 24252 24239 24282 24337 24282 24277 24298 24238 24307 24243 24266 24313 24321 24306 24318 24322 24271 24329 24336 24281 24351 24348 24321 24347 24359 24357 24373 24383 24392 24392 24418 24435 24443 24430 24416 24465 24490 24461 24511 24466 24508 24528 24529 24528 24501 24591 24564 24544 24560 24556 24547 24567 24571 24581 24530 24588 24568 24598 24613 24673 24599 24678 24663 24674 24678 24665 24680 24650 24654 24691 24652 24690 24731 24738 24799 24775 24724 24771 24816 24823 24860 24796 24802 24837 24798 24803 24809 24874 24832 24867 24875 24858 24872 24853 24957 24953 24935 25010 24982 24971 24991 25006 25015 25002 24963 25033 25005 24996 25049 24981 25022 25028 25016 25080 25025 25011 25063 25089 25117 25131 25107 25116 25136 25169 25138 25148 25121 25175 25151 25189 25185 25231 25279 25258 25276 25287 25279 25262 25290 25302 25357 25362 25332 25325 25416 25360 25354 25365 25400 25359 25429 25423 25437 25427 25464 25456 25476 25445 25440 25410 25495 25459 25452 25515 25434 25482 25568 25483 25547 25527 25590 25502 25552 25525 25557 25559 25554 25570 25560 25594 25617 25546 25598 25624 25607 25640 25617 25628 25606 25649 25638 25653 25654 25620 25654 25607 25630 25665 25704 25663 25688 25686 25725 25683 25717 25755 25683 25776 25782 25795 25806 25820 25815 25880 25826 25814 25797 25827 25844 25845 25807 25864 25867 25895 25929 25888 25906 25897 25920 25920 25936 25928 25933 25932 25938 25958 25960 25972 25940 25967 25987 25964 26012 25989 26007 25993 25989 26053 26011 26005 26014 25992 26012 26032 26065 26032 26103 26056 26065 26067 26080 26105 26087 26080 26067 26099 26134 26129 26116 26078 26125 26145 26083 26133 26181 26147 26182 26122 26174 26181 26192 26196 26184 26214 26202 26190 26198 26226 26158 26206 26230 26210 26291 26211 26200 26320 26294 26258 26241 26278 26298 26303 26286 26313 26358 26305 26325 26294 26281 26282 26338 26366 26351 26363 26356 26400 26334 26376 26395 26402 26407 26408 26434 26461 26457 26463 26503 26515 26505 26481 26465 26515 26546 26541 26525 26545 26543 26543 26562 26565 26586 26564 26584 26607 26622 26623 26647 26643 26636 26651 26634 26639 26657 26686 26663 26657 26673 26701 26696 26712 26748 26684 26733 26722 26769 26753 26771 26764 26771 26804 26788 26782 26797 26760 26801 26784 26768 26807 26803 26803 26821 26825 26858 26844 26841 26851 26806 26870 26854 26885 26856 26930 26923 26936 26953 26944 26931 26944 26952 26943 26991 26924 27010 26978 27014 26999 27031 27020 27048 27013 27055 27067 27048 27040 27003 27086 27078 27092 27122 27076 27115 27089 27093 27092 27083 27103 27100 27111 27125 27117 27129 27123 27151 27139 27155 27160 27146 27159 27153 27160 27239 27170 27182 27161 27198 27203 27195 27201 27208 27214 27213 27221 27280 27232 27259 27250 27275 27234 27234 27273 27263 27246 27336 27276 27266 27311 27325 27361 27339 27371 27335 27388 27413 27386 27395 27366 27396 27408 27408 27409 27402 27432 27461 27475 27451 27454 27480 27547 27484 27515 27524 27516 27543 27537 27538 27547 27556 27566 27594 27563 27587 27589 27576 27561 27562 27593 27594 27616 27630 27684 27663 27683 27682 27706 27726 27717 27716 27725 27729 27686 27752 27721 27756 27744 27726 27825 27771 27760 27747 27732 27747 27825 27841 27916 27867 27867 27894 27885 27921 27931 27919 27921 28003 27915 27966 27982 27961 27970 27982 27964 28036 27974 27961 28014 28067 28032 28020 28037 28029 28045 28070 28047 28044 28083 28088 28047 28073 28122 28117 28106 28077 28113 28144 28080 28152 28147 28155 28176 28251 28216 28194 28221 28287 28223 28197 28256 28205 28336 28289 28289 28305 28289 28329 28349 28326 28337 28324 28347 28340 28364 28417 28425 28373 28384 28381 28390 28405 28384 28409 28416 28459 28406 28417 28406 28445 28421 28428 28437 28448 28422 28447 28446 28439 28401 28484 28448 28458 28473 28481 28462 28506 28514 28483 28508 28529 28558 28601 28557 28587 28617 28585 28585 28585 28559 28574 28610 28633 28672 28627 28658 28657 28649 28609 28676 28619 28678 28716 28693 28690 28684 28719 28687 28691 28734 28706 28699 28718 28736 28785 28741 28713 28757 28771 28740 28756 28773 28770 28784 28784 28801 28825 28835 28855 28827 28837 28837 28879 28849 28846 28870 28926 28910 28869 28854 28948 28937 28956 28946 28930 28943 28989 28966 28980 28966 29027 28991 28997 29054 29052 29077 29071 29128 29075 29109 29102 29051 29166 29127 29135 29109 29119 29135 29109 29134 29170 29150 29172 29159 29198 29182 29178 29211 29203 29212 29172 29151 29219 29218 29255 29225 29277 29253 29313 29225 29241 29325 29277 29238 29311 29300 29323 29326 29394 29344 29318 29319 29371 29356 29361 29357 29359 29370 29427 29382 29348 29384 29390 29406 29367 29412 29401 29431 29397 29420 29403 29455 29459 29399 29475 29495 29512 29519 29520 29477 29550 29533 29543 29524 29559 29588 29573 29582 29619 29599 29611 29626 29596 29630 29619 29649 29638 29649 29635 29652 29644 29602 29696 29681 29708 29668 29652 29713 29682 29714 29693 29712 29725 29747 29743 29766 29815 29777 29773 29752 29784 29748 29798 29824 29803 29838 29831 29828 29839 29861 29839 29896 29808 29848 29850 29847 29883 29877 29879 29881 29884 29853 29914 29901 29887 29919 29935 29859 29911 29916 29937 29948 29925 29962 29936 29936 29999 29913 29932 29949 29949 29974 29998 29971 30019 29982 30005 30028 30049 30045 30036 30059 30052 30071 30064 30069 30105 30118 30056 30134 30124 30139 30164 30145 30158 30142 30181 30145 30155 30205 30186 30215 30205 30201 30202 30224 30229 30239 30249 30271 30234 30265 30277 30280 30261 30236 30293 30263 30300 30301 30300 30339 30293 30350 30362 30362 30387 30352 30442 30336 30337 30425 30401 30431 30447 30382 30430 30445 30454 30494 30459 30460 30485 30521 30516 30541 30517 30519 30539 30535 30564 30551 30544 30566 30541 30575 30573 30533 30593 30613 30667 30612 30598 30614 30607 30616 30620 30614 30595 30623 30640 30651 30658 30661 30665 30666 30647 30686 30702 30693 30686 30773 30730 30731 30732 30702 30763 30738 30743 30768 30713 30746 30775 30747 30810 30765 30770 30759 30789 30788 30732 30779 30812 30788 30814 30790 30773 30821 30755 30829 30823 30810 30824 30844 30882 30874 30899 30862 30944 30834 30911 30912 30932 30924 30935 30943 30933 30890 30935 30927 30920 30903 30936 30979 30996 31000 31003 30996 30987 31033 31011 31013 31043 31040 31031 31109 31060 31066 31075 31079 31017 31059 31068 31072 31149 31041 31122 31135 31120 31168 31130 31164 31231 31181 31176 31207 31212 31204 31199 31212 31223 31188 31259 31241 31261 31293 31290 31286 31277 31268 31258 31284 31316 31348 31305 31314 31351 31352 31395 31420 31413 31440 31435 31438 31439 31455 31471 31475 31462 31500 31467 31490 31532 31492 31547 31529 31502 31585 31560 31559 31538 31572 31570 31574 31605 31648 31616 31570 31637 31641 31582 31675 31638 31653 31642 31656 31681 31685 31675 31717 31713 31733 31709 31657 31716 31723 31728 31738 31777 31750 31803 31798 31805 31800 31809 31775 31825 31782 31843 31839 31848 31857 31818 31873 31899 31911 31899 31847 31883 31933 31949 31950 31941 31933 31933 31975 31978 31996 31929 32002 32017 32010 32080 32014 32032 32035 32053 32036 32119 32074 32037 32073 32100 32120 32127 32119 32091 32146 32147 32191 32171 32146 32193 32211 32176 32165 32166 32256 32217 32241 32253 32242 32282 32224 32278 32298 32277 32279 32307 32297 32288 32313 32323 32332 32306 32341 32346 32348 32343 32347 32361 32417 32423 32391 32415 32364 32436 32408 32429 32427 32428 32399 32457 32475 32475 32471 32498 32497 32517 32525 32524 32557 32554 32563 32559 32597 32588 32589 32552 32601 32592 32615 32606 32580 32602 32652 32629 32675 32728 32711 32693 32666 32706 32650 32734 32654 32717 32729 32745 32737 32753 32744 32759 32745 32761 32778 32763 32738 32781 32752 32795 32816 32779 32795 32788 32838 32874 32880 32859 32850 32874 32856 32872 32880 32901 32919 32913 32960 32958 32963 32955 32967 32940 32991 32973 32994 32986 33002 32990 32959 33018 33027 33101 33073 33051 33053 33068 33059 33058 33063 33063 33087 33103 33104 33062 33133 33137 33131 33189 33150 33126 33150 33157 33173 33162 33168 33163 33207 33199 33217 33269 33160 33224 33251 33250 33260 33288 33243 33308 33277 33297 33278 33344 33331 33358 33367 33327 33320 33344 33344 33341 33338 33357 33357 33344 33401 33372 33407 33415 33351 33420 33396 33418 33423 33421 33440 33445 33460 33461 33497 33482 33488 33499 33509 33536 33499 33530 33533 33513 33513 33581 33512 33517 33531 33579 33511 33559 33557 33600 33605 33615 33588 33580 33620 33574 33667 33562 33608 33624 33603 33672 33676 33677 33688 33695 33691 33697 33729 33738 33765 33781 33722 33804 33780 33782 33806 33809 33820 33839 33843 33860 33861 33797 33843 33841 33844 33866 33880 33897 33955 33913 33900 33948 33967 33978 33952 33984 33978 33988 33979 34006 34007 34047 34058 34049 34063 34096 34024 34077 34072 34085 34037 34109 34093 34108 34115 34114 34147 34198 34153 34156 34159
