20 4 18
5 5 4 4
12 26 34 27 31 21 21 46 28 50 25 36 14 13 45 35 22 35
31 43 46 16 20 25 41 13 33 39 49 35 32 17 50 40 46 22
12 38 10 17 14 21 44 37 36 12 45 31 25 41 44 34 34 32
23 28 33 20 11 22 18 27 40 44 15 41 50 12 40 47 12 50
27 39 28 50 41 38 47 20 25 45 47 19 27 39 39 30 22 19
18 42 17 42 12 45 36 44 27 35 14 29 14 49 12 26 22 23
33 33 18 47 20 21 39 15 12 31 29 38 48 24 38 34 41 28
12 21 31 15 40 24 45 31 20 36 27 19 19 32 26 34 36 11
50 14 38 19 31 40 26 24 21 50 14 37 42 31 22 39 44 49
32 22 40 42 50 42 32 43 13 22 26 31 15 23 22 40 23 11
31 14 22 37 11 30 14 27 39 26 10 45 24 31 18 14 47 19
37 28 13 35 33 15 34 23 13 49 31 28 47 30 19 36 35 45
46 37 30 20 10 35 37 26 43 31 43 26 15 34 47 50 27 21
16 29 13 48 43 29 42 45 16 45 36 33 29 24 40 15 13 11
43 43 39 41 28 25 16 48 14 22 15 12 27 47 19 17 31 45
17 50 12 20 26 23 28 15 15 49 34 10 18 45 20 10 44 26
32 28 29 21 42 27 39 50 48 14 31 15 45 31 10 11 38 19
30 31 35 41 50 23 15 46 21 23 13 32 32 49 26 35 27 12
28 30 17 18 43 31 22 45 16 23 10 20 35 47 11 30 19 19
22 33 39 17 42 49 36 20 17 22 19 15 21 37 46 25 33 10
1 2 3 4 5 6 7 8 9 10 11 12 13 14 15 16 17 18 19 20 21 22 23 24 25 26 27 28 29 30 31 32 33 34 35 36 37 38 39 40 41 42 43 44 45 46 47 48 49 50 51 52 53 54 55 56 57 58 59 60 61 62 63 64 65 66 67 68 69 70 71 72 73 74 75 76 77 78 79 80 81 82 83 84 85 86 87 88 89 90 91 92 93 94 95 96 97 98 99 100 101 102 103 104 105 106 107 108 109 110 111 112 113 114 115 116 117 118 119 120 121 122 123 124 125 126 127 128 129 130 131 132 133 134 135 136 137 138 139 140 141 142 143 144 145 146 147 148 149 150 151 152 153 154 155 156 157 158 159 160 161 162 163 164 165 166 167 168 169 170 171 172 173 174 175 176 177 178 179 180 181 182 183 184 185 186 187 188 189 190 191 192 193 194 195 196 197 198 199 200 201 202 203 204 205 206 207 208 209 210 211 212 213 214 215 216 217 218 219 220 221 222 223 224 225 226 227 228 229 230 231 232 233 234 235 236 237 238 239 240 241 242 243 244 245 246 247 248 249 250 251 252 253 254 255 256 257 258 259 260 261 262 263 264 265 266 267 268 269 270 271 272 273 274 275 276 277 278 279 280 281 282 283 284 285 286 287 288 289 290 291 292 293 294 295 296 297 298 299 300 301 302 303 304 305 306 307 308 309 310 311 312 313 314 315 316 317 318 319 320 321 322 323 324 325 326 327 328 329 330 331 332 333 334 335 336 337 338 339 340 341 342 343 344 345 346 347 348 349 350 351 352 353 354 355 356 357 358 359 360 361 362 363 364 365 366 367 368 369 370 371 372 373 374 375 376 377 378 379 380 381 382 383 384 385 386 387 388 389 390 391 392 393 394 395 396 397 398 399 400 401 402 403 404 405 406 407 408 409 410 411 412 413 414 415 416 417 418 419 420 421 422 423 424 425 426 427 428 429 430 431 432 433 434 435 436 437 438 439 440 441 442 443 444 445 446 447 448 449 450 451 452 453 454 455 456 457 458 459 460 461 462 463 464 465 466 467 468 469 470 471 472 473 474 475 476 477 478 479 480 481 482 483 484 485 486 487 488 489 490 491 492 493 494 495 496 497 498 499 500 501 502 503 504 505 506 507 508 509 510 511 512 513 514 515 516 517 518 519 520 521 522 523 524 525 526 527 528 529 530 531 532 533 534 535 536 537 538 539 540 541 542 543 544 545 546 547 548 549 550 551 552 553 554 555 556 557 558 559 560 561 562 563 564 565 566 567 568 569 570 571 572 573 574 575 576 577 578 579 580 581 582 583 584 585 586 587 588 589 590 591 592 593 594 595 596 597 598 599 600 601 602 603 604 605 606 607 608 609 610 611 612 613 614 615 616 617 618 619 620 621 622 623 624 625 626 627 628 629 630 631 632 633 634 635 636 637 638 639 640 641 642 643 644 645 646 647 648 649 650 651 652 653 654 655 656 657 658 659 660 661 662 663 664 665 666 667 668 669 670 671 672 673 674 675 676 677 678 679 680 681 682 683 684 685 686 687 688 689 690 691 692 693 694 695 696 697 698 699 700 701 702 703 704 705 706 707 708 709 710 711 712 713 714 715 716 717 718 719 720 721 722 723 724 725 726 727 728 729 730 731 732 733 734 735 736 737 738 739 740 741 742 743 744 745 746 747 748 749 750 751 752 753 754 755 756 757 758 759 760 761 762 763 764 765 766 767 768 769 770 771 772 773 774 775 776 777 778 779 780 781 782 783 784 785 786 787 788 789 790 791 792 793 794 795 796 797 798 799 800 801 802 803 804 805 806 807 808 809 810 811 812 813 814 815 816 817 818 819 820 821 822 823 824 825 826 827 828 829 830 831 832 833 834 835 836 837 838 839 840 841 842 843 844 845 846 847 848 849 850 851 852 853 854 855 856 857 858 859 860 861 862 863 864 865 866 867 868 869 870 871 872 873 874 875 876 877 878 879 880 881 882 883 884 885 886 887 888 889 890 891 892 893 894 895 896 897 898 899 900 901 902 903 904 905 906 907 908 909 910 911 912 913 914 915 916 917 918 919 920 921 922 923 924 925 926 927 928 929 930 931 932 933 934 935 936 937 938 939 940 941 942 943 944 945 946 947 948 949 950 951 952 953 954 955 956 957 958 959 960 961 962 963 964 965 966 967 968 969 970 971 972 973 974 975 976 977 978 979 980 981 982 983 984 985 986 987 988 989 990 991 992 993 994 995 996 997 998 999 1000 1001 1002 1003 1004 1005 1006 1007 1008 1009 1010 1011 1012 1013 1014 1015 1016 1017 1018 1019 1020 1021 1022 1023 1024 1025 1026 1027 1028 1029 1030 1031 1032 1033 1034 1035 1036 1037 1038 1039 1040 1041 1042 1043 1044 1045 1046 1047 1048 1049 1050 1051 1052 1053 1054 1055 1056 1057 1058 1059 1060 1061 1062 1063 1064 1065 1066 1067 1068 1069 1070 1071 1072 1073 1074 1075 1076 1077 1078 1079 1080 1081 1082 1083 1084 1085 1086 1087 1088 1089 1090 1091 1092 1093 1094 1095 1096 1097 1098 1099 1100 1101 1102 1103 1104 1105 1106 1107 1108 1109 1110 1111 1112 1113 1114 1115 1116 1117 1118 1119 1120 1121 1122 1123 1124 1125 1126 1127 1128 1129 1130 1131 1132 1133 1134 1135 1136 1137 1138 1139 1140 1141 1142 1143 1144 1145 1146 1147 1148 1149 1150 1151 1152 1153 1154 1155 1156 1157 1158 1159 1160 1161 1162 1163 1164 1165 1166 1167 1168 1169 1170 1171 1172 1173 1174 1175 1176 1177 1178 1179 1180 1181 1182 1183 1184 1185 1186 1187 1188 1189 1190 1191 1192 1193 1194 1195 1196 1197 1198 1199 1200 1201 1202 1203 1204 1205 1206 1207 1208 1209 1210 1211 1212 1213 1214 1215 1216 1217 1218 1219 1220 1221 1222 1223 1224 1225 1226 1227 1228 1229 1230 1231 1232 1233 1234 1235 1236 1237 1238 1239 1240 1241 1242 1243 1244 1245 1246 1247 1248 1249 1250 1251 1252 1253 1254 1255 1256 1257 1258 1259 1260 1261 1262 1263 1264 1265 1266 1267 1268 1269 1270 1271 1272 1273 1274 1275 1276 1277 1278 1279 1280 1281 1282 1283 1284 1285 1286 1287 1288 1289 1290 1291 1292 1293 1294 1295 1296 1297 1298 1299 1300 1301 1302 1303 1304 1305 1306 1307 1308 1309 1310 1311 1312 1313 1314 1315 1316 1317 1318 1319 1320 1321 1322 1323 1324 1325 1326 1327 1328 1329 1330 1331 1332 1333 1334 1335 1336 1337 1338 1339 1340 1341 1342 1343 1344 1345 1346 1347 1348 1349 1350 1351 1352 1353 1354 1355 1356 1357 1358 1359 1360 1361 1362 1363 1364 1365 1366 1367 1368 1369 1370 1371 1372 1373 1374 1375 1376 1377 1378 1379 1380 1381 1382 1383 1384 1385 1386 1387 1388 1389 1390 1391 1392 1393 1394 1395 1396 1397 1398 1399 1400 1401 1402 1403 1404 1405 1406 1407 1408 1409 1410 1411 1412 1413 1414 1415 1416 1417 1418 1419 1420 1421 1422 1423 1424 1425 1426 1427 1428 1429 1430 1431 1432 1433 1434 1435 1436 1437 1438 1439 1440 1441 1442 1443 1444 1445 1446 1447 1448 1449 1450 1451 1452 1453 1454 1455 1456 1457 1458 1459 1460 1461 1462 1463 1464 1465 1466 1467 1468 1469 1470 1471 1472 1473 1474 1475 1476 1477 1478 1479 1480 1481 1482 1483 1484 1485 1486 1487 1488 1489 1490 1491 1492 1493 1494 1495 1496 1497 1498 1499 1500 1501 1502 1503 1504 1505 1506 1507 1508 1509 1510 1511 1512 1513 1514 1515 1516 1517 1518 1519 1520 1521 1522 1523 1524 1525 1526 1527 1528 1529 1530 1531 1532 1533 1534 1535 1536 1537 1538 1539 1540 1541 1542 1543 1544 1545 1546 1547 1548 1549 1550 1551 1552 1553 1554 1555 1556 1557 1558 1559 1560 1561 1562 1563 1564 1565 1566 1567 1568 1569 1570 1571 1572 1573 1574 1575 1576 1577 1578 1579 1580 1581 1582 1583 1584 1585 1586 1587 1588 1589 1590 1591 1592 1593 1594 1595 1596 1597 1598 1599 1600 1601 1602 1603 1604 1605 1606 1607 1608 1609 1610 1611 1612 1613 1614 1615 1616 1617 1618 1619 1620 1621 1622 1623 1624 1625 1626 1627 1628 1629 1630 1631 1632 1633 1634 1635 1636 1637 1638 1639 1640 1641 1642 1643 1644 1645 1646 1647 1648 1649 1650 1651 1652 1653 1654 1655 1656 1657 1658 1659 1660 1661 1662 1663 1664 1665 1666 1667 1668 1669 1670 1671 1672 1673 1674 1675 1676 1677 1678 1679 1680 1681 1682 1683 1684 1685 1686 1687 1688 1689 1690 1691 1692 1693 1694 1695 1696 1697 1698 1699 1700 1701 1702 1703 1704 1705 1706 1707 1708 1709 1710 1711 1712 1713 1714 1715 1716 1717 1718 1719 1720 1721 1722 1723 1724 1725 1726 1727 1728 1729 1730 1731 1732 1733 1734 1735 1736 1737 1738 1739 1740 1741 1742 1743 1744 1745 1746 1747 1748 1749 1750 1751 1752 1753 1754 1755 1756 1757 1758 1759 1760 1761 1762 1763 1764 1765 1766 1767 1768 1769 1770 1771 1772 1773 1774 1775 1776 1777 1778 1779 1780 1781 1782 1783 1784 1785 1786 1787 1788 1789 1790 1791 1792 1793 1794 1795 1796 1797 1798 1799 1800 1801 1802 1803 1804 1805 1806 1807 1808 1809 1810 1811 1812 1813 1814 1815 1816 1817 1818 1819 1820 1821 1822 1823 1824 1825 1826 1827 1828 1829 1830 1831 1832 1833 1834 1835 1836 1837 1838 1839 1840 1841 1842 1843 1844 1845 1846 1847 1848 1849 1850 1851 1852 1853 1854 1855 1856 1857 1858 1859 1860 1861 1862 1863 1864 1865 1866 1867 1868 1869 1870 1871 1872 1873 1874 1875 1876 1877 1878 1879 1880 1881 1882 1883 1884 1885 1886 1887 1888 1889 1890 1891 1892 1893 1894 1895 1896 1897 1898 1899 1900 1901 1902 1903 1904 1905 1906 1907 1908 1909 1910 1911 1912 1913 1914 1915 1916 1917 1918 1919 1920 1921 1922 1923 1924 1925 1926 1927 1928 1929 1930 1931 1932 1933 1934 1935 1936 1937 1938 1939 1940 1941 1942 1943 1944 1945 1946 1947 1948 1949 1950 1951 1952 1953 1954 1955 1956 1957 1958 1959 1960 1961 1962 1963 1964 1965 1966 1967 1968 1969 1970 1971 1972 1973 1974 1975 1976 1977 1978 1979 1980 1981 1982 1983 1984 1985 1986 1987 1988 1989 1990 1991 1992 1993 1994 1995 1996 1997 1998 1999 2000 2001 2002 2003 2004 2005 2006 2007 2008 2009 2010 2011 2012 2013 2014 2015 2016 2017 2018 2019 2020 2021 2022 2023 2024 2025 2026 2027 2028 2029 2030 2031 2032 2033 2034 2035 2036 2037 2038 2039 2040 2041 2042 2043 2044 2045 2046 2047 2048 2049 2050 2051 2052 2053 2054 2055 2056 2057 2058 2059 2060 2061 2062 2063 2064 2065 2066 2067 2068 2069 2070 2071 2072 2073 2074 2075 2076 2077 2078 2079 2080 2081 2082 2083 2084 2085 2086 2087 2088 2089 2090 2091 2092 2093 2094 2095 2096 2097 2098 2099 2100 2101 2102 2103 2104 2105 2106 2107 2108 2109 2110 2111 2112 2113 2114 2115 2116 2117 2118 2119 2120 2121 2122 2123 2124 2125 2126 2127 2128 2129 2130 2131 2132 2133 2134 2135 2136 2137 2138 2139 2140 2141 2142 2143 2144 2145 2146 2147 2148 2149 2150 2151 2152 2153 2154 2155 2156 2157 2158 2159 2160 2161 2162 2163 2164 2165 2166 2167 2168 2169 2170 2171 2172 2173 2174 2175 2176 2177 2178 2179 2180 2181 2182 2183 2184 2185 2186 2187 2188 2189 2190 2191 2192 2193 2194 2195 2196 2197 2198 2199 2200 2201 2202 2203 2204 2205 2206 2207 2208 2209 2210 2211 2212 2213 2214 2215 2216 2217 2218 2219 2220 2221 2222 2223 2224 2225 2226 2227 2228 2229 2230 2231 2232 2233 2234 2235 2236 2237 2238 2239 2240 2241 2242 2243 2244 2245 2246 2247 2248 2249 2250 2251 2252 2253 2254 2255 2256 2257 2258 2259 2260 2261 2262 2263 2264 2265 2266 2267 2268 2269 2270 2271 2272 2273 2274 2275 2276 2277 2278 2279 2280 2281 2282 2283 2284 2285 2286 2287 2288 2289 2290 2291 2292 2293 2294 2295 2296 2297 2298 2299 2300 2301 2302 2303 2304 2305 2306 2307 2308 2309 2310 2311 2312 2313 2314 2315 2316 2317 2318 2319 2320 2321 2322 2323 2324 2325 2326 2327 2328 2329 2330 2331 2332 2333 2334 2335 2336 2337 2338 2339 2340 2341 2342 2343 2344 2345 2346 2347 2348 2349 2350 2351 2352 2353 2354 2355 2356 2357 2358 2359 2360 2361 2362 2363 2364 2365 2366 2367 2368 2369 2370 2371 2372 2373 2374 2375 2376 2377 2378 2379 2380 2381 2382 2383 2384 2385 2386 2387 2388 2389 2390 2391 2392 2393 2394 2395 2396 2397 2398 2399 2400 2401 2402 2403 2404 2405 2406 2407 2408 2409 2410 2411 2412 2413 2414 2415 2416 2417 2418 2419 2420 2421 2422 2423 2424 2425 2426 2427 2428 2429 2430 2431 2432 2433 2434 2435 2436 2437 2438 2439 2440 2441 2442 2443 2444 2445 2446 2447 2448 2449 2450 2451 2452 2453 2454 2455 2456 2457 2458 2459 2460 2461 2462 2463 2464 2465 2466 2467 2468 2469 2470 2471 2472 2473 2474 2475 2476 2477 2478 2479 2480 2481 2482 2483 2484 2485 2486 2487 2488 2489 2490 2491 2492 2493 2494 2495 2496 2497 2498 2499 2500 2501 2502 2503 2504 2505 2506 2507 2508 2509 2510 2511 2512 2513 2514 2515 2516 2517 2518 2519 2520 2521 2522 2523 2524 2525 2526 2527 2528 2529 2530 2531 2532 2533 2534 2535 2536 2537 2538 2539 2540 2541 2542 2543 2544 2545 2546 2547 2548 2549 2550 2551 2552 2553 2554 2555 2556 2557 2558 2559 2560 2561 2562 2563 2564 2565 2566 2567 2568 2569 2570 2571 2572 2573 2574 2575 2576 2577 2578 2579 2580 2581 2582 2583 2584 2585 2586 2587 2588 2589 2590 2591 2592 2593 2594 2595 2596 2597 2598 2599 2600 2601 2602 2603 2604 2605 2606 2607 2608 2609 2610 2611 2612 2613 2614 2615 2616 2617 2618 2619 2620 2621 2622 2623 2624 2625 2626 2627 2628 2629 2630 2631 2632 2633 2634 2635 2636 2637 2638 2639 2640 2641 2642 2643 2644 2645 2646 2647 2648 2649 2650 2651 2652 2653 2654 2655 2656 2657 2658 2659 2660 2661 2662 2663 2664 2665 2666 2667 2668 2669 2670 2671 2672 2673 2674 2675 2676 2677 2678 2679 2680 2681 2682 2683 2684 2685 2686 2687 2688 2689 2690 2691 2692 2693 2694 2695 2696 2697 2698 2699 2700 2701 2702 2703 2704 2705 2706 2707 2708 2709 2710 2711 2712 2713 2714 2715 2716 2717 2718 2719 2720 2721 2722 2723 2724 2725 2726 2727 2728 2729 2730 2731 2732 2733 2734 2735 2736 2737 2738 2739 2740 2741 2742 2743 2744 2745 2746 2747 2748 2749 2750 2751 2752 2753 2754 2755 2756 2757 2758 2759 2760 2761 2762 2763 2764 2765 2766 2767 2768 2769 2770 2771 2772 2773 2774 2775 2776 2777 2778 2779 2780 2781 2782 2783 2784 2785 2786 2787 2788 2789 2790 2791 2792 2793 2794 2795 2796 2797 2798 2799 2800 2801 2802 2803 2804 2805 2806 2807 2808 2809 2810 2811 2812 2813 2814 2815 2816 2817 2818 2819 2820 2821 2822 2823 2824 2825 2826 2827 2828 2829 2830 2831 2832 2833 2834 2835 2836 2837 2838 2839 2840 2841 2842 2843 2844 2845 2846 2847 2848 2849 2850 2851 2852 2853 2854 2855 2856 2857 2858 2859 2860 2861 2862 2863 2864 2865 2866 2867 2868 2869 2870 2871 2872 2873 2874 2875 2876 2877 2878 2879 2880 2881 2882 2883 2884 2885 2886 2887 2888 2889 2890 2891 2892 2893 2894 2895 2896 2897 2898 2899 2900 2901 2902 2903 2904 2905 2906 2907 2908 2909 2910 2911 2912 2913 2914 2915 2916 2917 2918 2919 2920 2921 2922 2923 2924 2925 2926 2927 2928 2929 2930 2931 2932 2933 2934 2935 2936 2937 2938 2939 2940 2941 2942 2943 2944 2945 2946 2947 2948 2949 2950 2951 2952 2953 2954 2955 2956 2957 2958 2959 2960 2961 2962 2963 2964 2965 2966 2967 2968 2969 2970 2971 2972 2973 2974 2975 2976 2977 2978 2979 2980 2981 2982 2983 2984 2985 2986 2987 2988 2989 2990 2991 2992 2993 2994 2995 2996 2997 2998 2999 3000 3001 3002 3003 3004 3005 3006 3007 3008 3009 3010 3011 3012 3013 3014 3015 3016 3017 3018 3019 3020 3021 3022 3023 3024 3025 3026 3027 3028 3029 3030 3031 3032 3033 3034 3035 3036 3037 3038 3039 3040 3041 3042 3043 3044 3045 3046 3047 3048 3049 3050 3051 3052 3053 3054 3055 3056 3057 3058 3059 3060 3061 3062 3063 3064 3065 3066 3067 3068 3069 3070 3071 3072 3073 3074 3075 3076 3077 3078 3079 3080 3081 3082 3083 3084 3085 3086 3087 3088 3089 3090 3091 3092 3093 3094 3095 3096 3097 3098 3099 3100 3101 3102 3103 3104 3105 3106 3107 3108 3109 3110 3111 3112 3113 3114 3115 3116 3117 3118 3119 3120 3121 3122 3123 3124 3125 3126 3127 3128 3129 3130 3131 3132 3133 3134 3135 3136 3137 3138 3139 3140 3141 3142 3143 3144 3145 3146 3147 3148 3149 3150 3151 3152 3153 3154 3155 3156 3157 3158 3159 3160 3161 3162 3163 3164 3165 3166 3167 3168 3169 3170 3171 3172 3173 3174 3175 3176 3177 3178 3179 3180 3181 3182 3183 3184 3185 3186 3187 3188 3189 3190 3191 3192 3193 3194 3195 3196 3197 3198 3199 3200 3201 3202 3203 3204 3205 3206 3207 3208 3209 3210 3211 3212 3213 3214 3215 3216 3217 3218 3219 3220 3221 3222 3223 3224 3225 3226 3227 3228 3229 3230 3231 3232 3233 3234 3235 3236 3237 3238 3239 3240 3241 3242 3243 3244 3245 3246 3247 3248 3249 3250 3251 3252 3253 3254 3255 3256 3257 3258 3259 3260 3261 3262 3263 3264 3265 3266 3267 3268 3269 3270 3271 3272 3273 3274 3275 3276 3277 3278 3279 3280 3281 3282 3283 3284 3285 3286 3287 3288 3289 3290 3291 3292 3293 3294 3295 3296 3297 3298 3299 3300 3301 3302 3303 3304 3305 3306 3307 3308 3309 3310 3311 3312 3313 3314 3315 3316 3317 3318 3319 3320 3321 3322 3323 3324 3325 3326 3327 3328 3329 3330 3331 3332 3333 3334 3335 3336 3337 3338 3339 3340 3341 3342 3343 3344 3345 3346 3347 3348 3349 3350 3351 3352 3353 3354 3355 3356 3357 3358 3359 3360 3361 3362 3363 3364 3365 3366 3367 3368 3369 3370 3371 3372 3373 3374 3375 3376 3377 3378 3379 3380 3381 3382 3383 3384 3385 3386 3387 3388 3389 3390 3391 3392 3393 3394 3395 3396 3397 3398 3399 3400 3401 3402 3403 3404 3405 3406 3407 3408 3409 3410 3411 3412 3413 3414 3415 3416 3417 3418 3419 3420 3421 3422 3423 3424 3425 3426 3427 3428 3429 3430 3431 3432 3433 3434 3435 3436 3437 3438 3439 3440 3441 3442 3443 3444 3445 3446 3447 3448 3449 3450 3451 3452 3453 3454 3455 3456 3457 3458 3459 3460 3461 3462 3463 3464 3465 3466 3467 3468 3469 3470 3471 3472 3473 3474 3475 3476 3477 3478 3479 3480 3481 3482 3483 3484 3485 3486 3487 3488 3489 3490 3491 3492 3493 3494 3495 3496 3497 3498 3499 3500 3501 3502 3503 3504 3505 3506 3507 3508 3509 3510 3511 3512 3513 3514 3515 3516 3517 3518 3519 3520 3521 3522 3523 3524 3525 3526 3527 3528 3529 3530 3531 3532 3533 3534 3535 3536 3537 3538 3539 3540 3541 3542 3543 3544 3545 3546 3547 3548 3549 3550 3551 3552 3553 3554 3555 3556 3557 3558 3559 3560 3561 3562 3563 3564 3565 3566 3567 3568 3569 3570 3571 3572 3573 3574 3575 3576 3577 3578 3579 3580 3581 3582 3583 3584 3585 3586 3587 3588 3589 3590 3591 3592 3593 3594 3595 3596 3597 3598 3599 3600 3601 3602 3603 3604 3605 3606 3607 3608 3609 3610 3611 3612 3613 3614 3615 3616 3617 3618 3619 3620 3621 3622 3623 3624 3625 3626 3627 3628 3629 3630 3631 3632 3633 3634 3635 3636 3637 3638 3639 3640 3641 3642 3643 3644 3645 3646 3647 3648 3649 3650 3651 3652 3653 3654 3655 3656 3657 3658 3659 3660 3661 3662 3663 3664 3665 3666 3667 3668 3669 3670 3671 3672 3673 3674 3675 3676 3677 3678 3679 3680 3681 3682 3683 3684 3685 3686 3687 3688 3689 3690 3691 3692 3693 3694 3695 3696 3697 3698 3699 3700 3701 3702 3703 3704 3705 3706 3707 3708 3709 3710 3711 3712 3713 3714 3715 3716 3717 3718 3719 3720 3721 3722 3723 3724 3725 3726 3727 3728 3729 3730 3731 3732 3733 3734 3735 3736 3737 3738 3739 3740 3741 3742 3743 3744 3745 3746 3747 3748 3749 3750 3751 3752 3753 3754 3755 3756 3757 3758 3759 3760 3761 3762 3763 3764 3765 3766 3767 3768 3769 3770 3771 3772 3773 3774 3775 3776 3777 3778 3779 3780 3781 3782 3783 3784 3785 3786 3787 3788 3789 3790 3791 3792 3793 3794 3795 3796 3797 3798 3799 3800 3801 3802 3803 3804 3805 3806 3807 3808 3809 3810 3811 3812 3813 3814 3815 3816 3817 3818 3819 3820 3821 3822 3823 3824 3825 3826 3827 3828 3829 3830 3831 3832 3833 3834 3835 3836 3837 3838 3839 3840 3841 3842 3843 3844 3845 3846 3847 3848 3849 3850 3851 3852 3853 3854 3855 3856 3857 3858 3859 3860 3861 3862 3863 3864 3865 3866 3867 3868 3869 3870 3871 3872 3873 3874 3875 3876 3877 3878 3879 3880 3881 3882 3883 3884 3885 3886 3887 3888 3889 3890 3891 3892 3893 3894 3895 3896 3897 3898 3899 3900 3901 3902 3903 3904 3905 3906 3907 3908 3909 3910 3911 3912 3913 3914 3915 3916 3917 3918 3919 3920 3921 3922 3923 3924 3925 3926 3927 3928 3929 3930 3931 3932 3933 3934 3935 3936 3937 3938 3939 3940 3941 3942 3943 3944 3945 3946 3947 3948 3949 3950 3951 3952 3953 3954 3955 3956 3957 3958 3959 3960 3961 3962 3963 3964 3965 3966 3967 3968 3969 3970 3971 3972 3973 3974 3975 3976 3977 3978 3979 3980 3981 3982 3983 3984 3985 3986 3987 3988 3989 3990 3991 3992 3993 3994 3995 3996 3997 3998 3999 4000 4001 4002 4003 4004 4005 4006 4007 4008 4009 4010 4011 4012 4013 4014 4015 4016 4017 4018 4019 4020 4021 4022 4023 4024 4025 4026 4027 4028 4029 4030 4031 4032 4033 4034 4035 4036 4037 4038 4039 4040 4041 4042 4043 4044 4045 4046 4047 4048 4049 4050 4051 4052 4053 4054 4055 4056 4057 4058 4059 4060 4061 4062 4063 4064 4065 4066 4067 4068 4069 4070 4071 4072 4073 4074 4075 4076 4077 4078 4079 4080 4081 4082 4083 4084 4085 4086 4087 4088 4089 4090 4091 4092 4093 4094 4095 4096 4097 4098 4099 4100 4101 4102 4103 4104 4105 4106 4107 4108 4109 4110 4111 4112 4113 4114 4115 4116 4117 4118 4119 4120 4121 4122 4123 4124 4125 4126 4127 4128 4129 4130 4131 4132 4133 4134 4135 4136 4137 4138 4139 4140 4141 4142 4143 4144 4145 4146 4147 4148 4149 4150 4151 4152 4153 4154 4155 4156 4157 4158 4159 4160 4161 4162 4163 4164 4165 4166 4167 4168 4169 4170 4171 4172 4173 4174 4175 4176 4177 4178 4179 4180 4181 4182 4183 4184 4185 4186 4187 4188 4189 4190 4191 4192 4193 4194 4195 4196 4197 4198 4199 4200 4201 4202 4203 4204 4205 4206 4207 4208 4209 4210 4211 4212 4213 4214 4215 4216 4217 4218 4219 4220 4221 4222 4223 4224 4225 4226 4227 4228 4229 4230 4231 4232 4233 4234 4235 4236 4237 4238 4239 4240 4241 4242 4243 4244 4245 4246 4247 4248 4249 4250 4251 4252 4253 4254 4255 4256 4257 4258 4259 4260 4261 4262 4263 4264 4265 4266 4267 4268 4269 4270 4271 4272 4273 4274 4275 4276 4277 4278 4279 4280 4281 4282 4283 4284 4285 4286 4287 4288 4289 4290 4291 4292 4293 4294 4295 4296 4297 4298 4299 4300 4301 4302 4303 4304 4305 4306 4307 4308 4309 4310 4311 4312 4313 4314 4315 4316 4317 4318 4319 4320 4321 4322 4323 4324 4325 4326 4327 4328 4329 4330 4331 4332 4333 4334 4335 4336 4337 4338 4339 4340 4341 4342 4343 4344 4345 4346 4347 4348 4349 4350 4351 4352 4353 4354 4355 4356 4357 4358 4359 4360 4361 4362 4363 4364 4365 4366 4367 4368 4369 4370 4371 4372 4373 4374 4375 4376 4377 4378 4379 4380 4381 4382 4383 4384 4385 4386 4387 4388 4389 4390 4391 4392 4393 4394 4395 4396 4397 4398 4399 4400 4401 4402 4403 4404 4405 4406 4407 4408 4409 4410 4411 4412 4413 4414 4415 4416 4417 4418 4419 4420 4421 4422 4423 4424 4425 4426 4427 4428 4429 4430 4431 4432 4433 4434 4435 4436 4437 4438 4439 4440 4441 4442 4443 4444 4445 4446 4447 4448 4449 4450 4451 4452 4453 4454 4455 4456 4457 4458 4459 4460 4461 4462 4463 4464 4465 4466 4467 4468 4469 4470 4471 4472 4473 4474 4475 4476 4477 4478 4479 4480 4481 4482 4483 4484 4485 4486 4487 4488 4489 4490 4491 4492 4493 4494 4495 4496 4497 4498 4499 4500 4501 4502 4503 4504 4505 4506 4507 4508 4509 4510 4511 4512 4513 4514 4515 4516 4517 4518 4519 4520 4521 4522 4523 4524 4525 4526 4527 4528 4529 4530 4531 4532 4533 4534 4535 4536 4537 4538 4539 4540 4541 4542 4543 4544 4545 4546 4547 4548 4549 4550 4551 4552 4553 4554 4555 4556 4557 4558 4559 4560 4561 4562 4563 4564 4565 4566 4567 4568 4569 4570 4571 4572 4573 4574 4575 4576 4577 4578 4579 4580 4581 4582 4583 4584 4585 4586 4587 4588 4589 4590 4591 4592 4593 4594 4595 4596 4597 4598 4599 4600 4601 4602 4603 4604 4605 4606 4607 4608 4609 4610 4611 4612 4613 4614 4615 4616 4617 4618 4619 4620 4621 4622 4623 4624 4625 4626 4627 4628 4629 4630 4631 4632 4633 4634 4635 4636 4637 4638 4639 4640 4641 4642 4643 4644 4645 4646 4647 4648 4649 4650 4651 4652 4653 4654 4655 4656 4657 4658 4659 4660 4661 4662 4663 4664 4665 4666 4667 4668 4669 4670 4671 4672 4673 4674 4675 4676 4677 4678 4679 4680 4681 4682 4683 4684 4685 4686 4687 4688 4689 4690 4691 4692 4693 4694 4695 4696 4697 4698 4699 4700 4701 4702 4703 4704 4705 4706 4707 4708 4709 4710 4711 4712 4713 4714 4715 4716 4717 4718 4719 4720 4721 4722 4723 4724 4725 4726 4727 4728 4729 4730 4731 4732 4733 4734 4735 4736 4737 4738 4739 4740 4741 4742 4743 4744 4745 4746 4747 4748 4749 4750 4751 4752 4753 4754 4755 4756 4757 4758 4759 4760 4761 4762 4763 4764 4765 4766 4767 4768 4769 4770 4771 4772 4773 4774 4775 4776 4777 4778 4779 4780 4781 4782 4783 4784 4785 4786 4787 4788 4789 4790 4791 4792 4793 4794 4795 4796 4797 4798 4799 4800 4801 4802 4803 4804 4805 4806 4807 4808 4809 4810 4811 4812 4813 4814 4815 4816 4817 4818 4819 4820 4821 4822 4823 4824 4825 4826 4827 4828 4829 4830 4831 4832 4833 4834 4835 4836 4837 4838 4839 4840 4841 4842 4843 4844 4845 4846 4847 4848 4849 4850 4851 4852 4853 4854 4855 4856 4857 4858 4859 4860 4861 4862 4863 4864 4865 4866 4867 4868 4869 4870 4871 4872 4873 4874 4875 4876 4877 4878 4879 4880 4881 4882 4883 4884 4885 4886 4887 4888 4889 4890 4891 4892 4893 4894 4895 4896 4897 4898 4899 4900 4901 4902 4903 4904 4905 4906 4907 4908 4909 4910 4911 4912 4913 4914 4915 4916 4917 4918 4919 4920 4921 4922 4923 4924 4925 4926 4927 4928 4929 4930 4931 4932 4933 4934 4935 4936 4937 4938 4939 4940 4941 4942 4943 4944 4945 4946 4947 4948 4949 4950 4951 4952 4953 4954 4955 4956 4957 4958 4959 4960 4961 4962 4963 4964 4965 4966 4967 4968 4969 4970 4971 4972 4973 4974 4975 4976 4977 4978 4979 4980 4981 4982 4983 4984 4985 4986 4987 4988 4989 4990 4991 4992 4993 4994 4995 4996 4997 4998 4999 5000
1 19 19 18 12 16 13 19 10 3 3 5 9 4 2 14 18 7 10 15 3 17 19 12 2 7 12 15 4 12 5 14 19 10 11 13 4 9 4 5 1 0 11 6 0 1 6 9 12 7 12 3 2 7 8 11 6 5 12 17 19 13 15 9 12 5 11 5 13 0 18 15 19 19 12 3 9 6 18 19 7 8 5 17 10 2 19 1 1 7 1 9 8 9 18 9 16 10 16 12 4 14 7 0 15 17 17 4 17 13 17 2 14 11 3 16 15 19 15 10 9 15 8 5 17 15 1 7 5 11 5 11 17 16 15 8 18 6 0 11 16 10 3 2 5 1 14 1 17 11 5 6 15 6 7 4 3 5 12 12 1 16 7 12 8 0 4 12 11 19 11 8 19 1 9 11 9 19 9 11 10 19 16 9 8 8 11 3 5 12 7 16 6 8 11 0 14 11 1 2 14 14 15 19 4 15 18 17 1 3 2 10 10 15 6 16 6 8 1 10 6 2 11 1 13 11 7 10 11 8 4 14 8 17 12 12 9 13 12 12 17 13 15 2 4 18 13 13 19 17 6 3 4 4 6 8 1 13 6 8 3 16 15 6 14 18 16 5 12 5 11 16 0 0 2 12 18 5 10 8 14 3 9 2 12 4 11 15 5 0 19 14 11 5 14 4 12 5 8 5 15 6 3 7 7 1 10 9 11 17 13 11 17 14 13 9 11 10 16 5 13 1 2 1 1 0 5 10 5 0 14 19 19 13 19 5 8 1 12 16 14 14 11 14 11 4 8 4 7 14 17 19 6 17 2 17 14 19 11 3 17 10 7 9 6 15 11 10 11 8 3 18 15 1 11 13 16 3 4 9 11 8 12 0 8 12 13 8 14 19 7 2 14 6 10 7 9 12 3 14 13 18 16 2 16 14 2 13 16 1 8 10 10 6 16 10 14 13 6 4 3 2 2 3 11 16 4 4 1 14 14 1 0 9 13 14 3 19 15 9 16 14 16 19 4 18 4 18 8 13 13 0 18 14 16 6 15 4 1 3 9 15 8 19 11 16 11 2 18 8 1 6 15 12 14 12 14 16 3 0 7 4 17 8 18 14 19 14 4 11 12 4 3 14 18 1 12 3 15 12 4 11 15 6 19 14 3 12 5 12 3 4 12 11 17 0 9 8 6 11 19 1 10 5 2 17 15 0 16 14 1 18 14 16 6 18 14 11 19 12 3 1 17 18 7 1 19 2 10 5 17 16 5 17 11 7 8 12 16 14 6 10 13 0 16 14 16 4 7 12 4 7 15 17 7 11 3 17 5 5 8 19 5 7 18 15 14 12 5 7 10 17 14 1 19 8 8 7 18 1 9 19 18 14 2 19 17 19 3 17 4 17 0 4 5 18 3 11 6 2 7 16 9 10 11 19 5 18 14 8 9 19 12 13 5 9 9 7 11 6 15 3 4 4 10 1 11 10 2 16 17 8 12 7 5 17 1 5 5 8 13 3 18 7 0 17 4 4 10 19 4 18 5 1 14 9 8 17 16 10 4 4 4 0 11 16 15 14 7 17 6 14 11 11 13 12 1 14 5 16 0 15 4 1 5 5 0 15 2 11 5 18 8 15 8 12 15 14 4 19 7 0 9 4 5 17 8 15 8 18 8 14 1 4 15 13 19 7 3 1 17 17 5 0 7 12 9 14 10 9 7 18 10 5 14 3 5 11 1 1 0 10 12 9 2 3 0 1 2 12 16 9 8 19 16 13 2 14 17 11 11 12 12 1 12 1 7 18 0 15 3 10 4 1 7 17 0 11 19 2 6 14 16 11 19 11 18 12 5 4 14 10 9 15 19 14 15 0 15 17 18 12 14 19 16 6 19 6 17 13 14 13 14 1 12 8 10 1 7 1 14 7 11 13 13 9 15 19 6 3 8 19 5 17 2 16 12 7 5 17 9 14 2 9 9 4 4 6 15 1 18 14 17 10 16 16 12 6 8 1 11 1 1 0 14 5 7 5 8 16 11 2 6 17 4 7 11 9 0 18 7 17 8 13 13 9 18 16 17 4 17 9 9 9 16 8 9 7 9 9 11 12 4 19 8 13 16 7 8 1 14 9 17 5 3 1 13 4 3 15 2 0 2 19 15 3 9 3 1 7 8 18 6 18 17 10 5 13 14 5 18 7 10 6 13 15 11 4 16 11 5 1 11 3 0 4 11 6 2 10 3 6 16 16 15 0 6 1 11 1 15 5 0 10 2 19 19 17 0 7 15 19 15 9 9 11 7 7 12 14 2 17 17 12 17 15 6 16 14 4 10 19 12 15 14 10 0 12 16 5 17 19 11 16 2 9 17 17 6 10 14 16 5 7 5 5 6 2 5 13 18 3 4 11 4 0 19 10 8 3 2 18 6 1 7 3 9 10 19 16 14 17 12 6 14 10 4 7 16 8 10 16 18 4 4 16 12 6 12 17 15 4 17 1 8 3 8 4 3 11 17 11 10 4 9 2 16 16 17 11 12 17 12 4 19 15 17 15 2 2 4 2 3 17 2 3 16 10 11 13 17 2 10 19 11 5 0 16 12 10 0 19 7 7 15 2 10 8 2 3 17 2 3 17 17 8 1 19 0 5 18 9 3 7 1 0 5 11 6 3 16 16 12 1 16 14 17 14 17 17 3 5 13 18 10 10 1 14 0 16 15 4 1 6 9 6 0 9 19 5 14 1 0 11 6 4 15 5 8 17 18 12 6 0 17 2 17 1 10 18 5 15 7 13 17 6 4 7 16 2 11 19 2 8 15 9 16 11 17 6 14 17 11 19 8 9 1 9 5 3 10 4 10 3 10 18 0 8 13 6 14 7 0 2 9 13 10 15 12 4 19 3 12 5 19 6 8 7 15 2 3 10 19 4 18 16 2 9 17 13 10 13 1 11 13 5 2 16 17 5 19 5 13 17 1 0 15 19 12 6 2 15 9 10 11 8 16 16 12 7 19 17 12 3 18 0 7 8 8 18 14 5 12 1 6 9 4 15 18 9 17 19 2 10 1 16 7 6 8 14 2 13 4 8 14 12 8 17 4 3 8 14 6 17 13 14 11 7 12 7 13 9 6 18 13 4 0 4 0 16 12 1 16 6 9 17 19 15 8 18 14 7 13 12 15 1 1 8 3 4 15 13 8 16 19 0 0 13 5 8 18 17 8 18 16 9 13 13 12 10 18 12 11 6 18 19 19 2 12 4 1 16 19 4 5 1 2 12 14 3 16 7 0 10 15 2 10 7 19 11 2 3 9 5 9 10 16 9 5 14 1 16 15 14 2 6 5 7 2 13 13 15 5 15 9 19 17 11 4 12 12 16 4 8 18 18 6 8 16 5 0 7 10 15 5 9 13 13 12 6 7 0 13 2 19 19 8 12 12 5 12 10 19 9 10 10 11 18 19 17 10 14 12 14 19 14 6 3 2 1 10 17 12 18 13 13 17 3 13 17 15 19 5 2 17 1 11 0 17 2 16 5 16 2 17 5 5 12 1 10 7 1 5 15 5 3 3 4 7 7 10 3 4 10 0 9 13 16 5 9 13 1 15 3 12 17 1 10 12 4 1 8 9 18 18 16 16 8 16 18 5 7 17 6 16 6 10 18 16 3 15 8 1 10 10 16 6 9 0 18 13 6 18 2 9 7 14 1 2 9 11 15 16 2 17 0 6 14 14 13 17 9 9 17 11 17 4 11 16 18 10 11 19 12 8 3 2 12 9 8 13 11 18 12 10 16 6 8 14 9 6 6 7 5 7 1 7 4 2 15 16 4 18 13 12 19 16 4 18 17 10 16 3 5 1 2 3 18 4 15 12 17 2 14 14 3 10 10 0 18 13 4 7 16 17 1 13 17 3 11 13 0 18 13 15 13 10 11 17 11 16 15 7 0 5 8 0 12 12 18 2 6 2 12 8 3 14 8 9 10 17 15 10 3 4 15 9 15 11 13 12 19 16 6 11 13 4 12 19 1 12 15 14 5 18 2 10 6 0 11 9 13 1 5 3 15 19 12 14 13 14 17 1 3 14 19 16 12 15 5 11 18 13 13 19 13 14 17 19 12 6 6 12 7 18 0 6 13 0 7 11 0 0 18 13 13 9 12 8 0 14 12 12 13 18 1 2 12 1 1 5 9 1 17 5 5 2 0 13 12 3 9 15 16 15 4 0 9 6 7 5 0 19 8 0 9 2 1 10 0 13 18 12 0 15 10 11 6 8 12 8 10 11 1 1 9 10 0 4 12 14 2 17 14 1 10 3 12 10 19 3 6 2 2 2 12 6 18 11 3 9 18 16 10 5 1 11 4 12 5 2 7 17 5 5 3 10 14 7 8 10 5 2 7 19 13 6 1 9 11 4 19 1 16 12 7 13 7 5 13 1 4 3 5 15 19 1 19 17 12 4 9 4 9 7 9 4 5 18 10 16 13 5 8 17 11 18 14 2 15 14 14 1 13 5 0 10 0 8 12 5 5 14 14 12 4 0 7 18 10 7 9 15 14 11 7 8 3 13 13 13 10 7 0 4 15 18 13 1 6 6 19 1 4 16 14 11 3 7 8 2 4 15 17 11 7 18 9 7 8 13 7 3 15 14 10 19 9 6 1 1 2 4 7 1 2 1 17 13 7 6 9 12 14 16 1 2 9 7 3 2 1 13 13 3 1 15 5 7 15 11 8 11 18 12 4 8 8 14 0 7 14 7 15 6 3 6 6 10 0 2 9 19 12 3 13 8 18 1 18 13 6 16 8 14 13 14 17 11 8 9 10 18 14 3 11 4 18 3 14 16 3 12 10 5 12 5 1 4 15 5 1 16 9 15 18 5 14 8 13 3 16 9 2 16 1 13 19 7 17 16 1 18 8 12 8 5 2 1 7 9 8 12 18 10 0 1 14 3 0 5 11 0 13 2 6 3 6 15 1 11 12 16 9 1 11 12 0 13 3 3 19 3 4 6 12 17 2 14 8 3 10 11 8 0 8 5 17 19 13 3 3 10 6 3 4 9 0 1 14 16 10 7 12 8 6 16 3 2 11 8 14 10 11 14 9 5 10 10 13 7 15 5 7 18 14 18 10 0 11 14 18 1 13 18 11 11 3 13 0 13 19 7 9 1 3 2 9 1 6 15 3 10 17 8 6 13 18 9 2 1 8 7 15 12 9 17 16 19 1 14 18 15 9 13 17 9 16 6 17 4 2 10 16 3 12 19 9 7 14 14 1 6 6 17 2 7 1 15 10 4 7 12 9 19 3 17 0 16 3 10 7 5 2 1 16 9 2 2 1 13 5 5 14 2 5 6 2 17 5 14 4 15 8 14 13 13 11 13 19 8 12 16 14 16 5 16 12 7 0 15 16 1 16 9 11 6 17 1 5 15 5 5 8 17 15 16 9 4 0 3 10 18 17 1 10 17 4 8 6 10 15 8 13 13 13 14 13 3 8 11 12 13 15 10 10 16 4 16 8 16 17 15 9 17 18 10 15 3 6 3 3 3 0 16 3 10 0 1 2 10 9 18 16 3 18 2 5 7 1 4 17 17 13 3 14 4 7 8 9 1 16 13 18 0 2 13 11 13 16 6 11 0 15 9 6 13 8 12 10 4 2 19 4 4 2 17 3 14 16 13 17 16 5 9 6 18 9 2 11 9 6 3 3 8 15 6 4 11 6 12 1 14 8 6 16 7 8 6 14 2 6 17 1 13 12 2 17 6 11 13 5 11 11 17 17 13 13 9 5 8 3 15 13 16 5 0 18 2 5 2 15 1 15 18 15 0 6 11 7 7 0 10 18 0 5 2 4 15 16 12 17 10 17 8 10 12 7 16 18 6 1 19 14 10 3 0 16 10 17 17 5 10 11 0 17 16 11 5 0 3 18 3 4 10 18 13 6 2 8 4 6 10 13 4 2 4 8 12 17 7 14 8 15 8 6 13 5 12 3 8 6 15 10 2 7 18 0 0 7 11 19 17 11 16 6 19 9 7 16 6 1 6 17 2 7 18 0 0 13 9 5 9 8 14 6 16 12 18 18 17 3 1 17 9 13 11 8 0 12 2 14 6 2 13 3 6 11 1 2 12 16 14 5 19 18 9 7 12 18 18 6 3 3 10 0 5 18 17 12 6 15 13 17 1 4 13 18 10 13 12 15 16 5 17 1 2 14 14 1 15 15 8 11 3 14 19 9 8 4 0 19 16 10 17 17 13 1 17 7 19 13 14 17 3 16 4 2 14 4 14 19 5 19 10 13 6 9 10 13 19 13 16 4 17 8 3 19 8 5 9 4 11 12 3 9 1 8 2 0 11 10 3 16 18 2 8 5 4 17 1 2 6 7 5 4 16 17 17 11 13 6 11 5 13 9 14 9 10 0 12 13 11 6 10 10 15 13 7 4 5 12 6 5 9 2 12 8 5 6 9 17 4 19 11 0 15 16 19 13 7 17 1 12 14 12 10 4 0 1 7 8 7 9 10 6 10 9 8 7 19 2 18 6 10 13 7 6 9 3 2 0 2 4 8 7 9 14 3 11 1 2 11 9 2 10 12 11 10 5 6 17 15 17 17 5 10 15 9 17 10 5 9 4 5 6 18 0 14 6 15 9 0 3 9 14 14 5 5 7 2 4 15 4 3 12 2 6 3 8 12 5 11 16 13 18 9 15 4 1 14 9 7 2 16 0 16 19 9 0 13 4 12 13 17 16 12 6 4 7 9 10 16 17 12 17 5 9 5 16 4 1 7 8 15 10 17 19 10 14 19 17 12 11 7 12 14 16 17 14 15 7 9 2 4 14 15 12 2 2 6 10 8 13 10 15 7 19 10 2 11 6 8 11 8 12 7 6 16 19 15 7 12 2 18 12 17 7 9 12 18 16 19 18 19 8 3 12 3 8 12 9 7 17 2 18 19 5 0 18 13 10 5 8 1 2 19 15 17 2 19 17 0 5 12 15 4 15 3 18 4 4 14 15 10 1 2 2 8 15 10 17 2 0 1 5 14 18 3 3 3 14 12 13 13 6 14 5 3 3 13 5 6 8 13 8 6 10 17 8 8 14 2 3 10 13 16 1 1 0 7 13 10 11 8 1 8 4 18 10 6 19 1 0 6 7 2 11 6 3 1 19 6 14 11 11 11 14 9 14 12 12 16 8 14 19 15 3 11 8 15 16 16 9 4 19 3 7 17 1 11 18 7 10 11 13 12 9 8 1 0 11 19 4 8 1 12 19 12 3 3 17 11 8 5 11 2 3 13 17 17 7 10 3 15 1 14 17 9 13 16 16 15 15 5 8 6 18 5 15 8 18 0 4 8 7 15 7 3 8 1 4 9 19 6 9 1 13 14 2 4 0 13 0 12 13 19 18 17 13 15 18 3 9 17 2 15 17 5 14 14 8 16 10 7 9 4 19 17 7 6 8 9 0 4 2 1 11 7 19 19 16 12 10 5 10 10 7 6 10 5 2 9 13 1 7 2 17 5 14 5 5 11 2 12 16 16 15 7 10 3 12 18 13 8 2 19 6 19 15 19 1 16 6 2 12 13 0 2 17 2 7 2 10 10 13 8 3 0 5 5 4 17 17 1 10 1 19 8 5 3 19 16 18 10 13 0 7 8 2 2 3 16 12 9 10 17 10 4 13 5 12 1 0 19 13 3 16 18 6 13 8 7 17 19 17 19 4 2 15 5 10 14 13 4 0 0 10 19 2 5 6 8 2 5 7 9 15 1 18 1 16 12 7 5 19 12 15 9 1 15 11 12 11 8 13 2 19 10 11 0 9 0 5 19 4 15 5 13 2 0 3 6 0 18 11 8 3 11 4 8 11 13 16 6 11 15 2 8 13 15 17 1 10 3 16 7 2 4 5 19 0 1 1 3 6 1 5 6 1 3 7 5 5 8 19 10 0 14 7 5 1 5 1 18 6 19 7 6 2 9 7 4 3 16 15 7 15 6 2 8 6 10 6 2 0 14 7 17 13 12 7 11 18 8 3 11 1 0 18 7 16 9 12 4 2 18 4 14 9 4 12 13 11 13 8 17 0 18 9 14 8 5 17 15 5 5 13 0 7 12 4 14 4 12 16 13 9 4 13 7 13 15 3 0 1 13 6 18 8 14 0 14 15 6 15 10 2 14 8 16 3 6 13 7 10 16 8 5 6 10 0 19 3 10 4 10 18 11 4 7 11 4 19 16 12 11 5 5 0 13 6 1 6 15 0 19 5 4 6 6 10 4 5 18 0 4 4 17 7 5 1 16 0 12 8 18 0 6 18 11 18 17 1 9 2 18 7 3 6 18 12 13 16 15 15 16 18 14 13 0 5 0 18 11 0 12 12 6 9 11 2 11 10 14 5 8 11 19 11 11 12 4 11 15 5 3 16 10 19 1 17 3 8 14 18 7 1 14 0 10 6 15 8 9 10 3 15 12 18 9 16 0 18 17 10 7 15 3 8 9 6 4 18 2 4 18 9 13 11 2 13 17 11 17 2 0 18 0 12 2 5 6 2 15 1 17 11 19 2 5 15 12 2 12 6 15 15 15 3 2 1 13 11 9 19 8 5 2 0 14 7 14 9 14 11 5 1 6 8 9 8 17 19 12 0 8 17 15 5 13 8 3 10 4 7 2 10 6 11 15 9 11 4 3 5 0 9 14 14 13 4 17 5 17 2 13 2 9 6 11 5 10 3 3 2 8 1 18 17 18 18 7 18 7 14 3 7 18 9 19 18 15 12 4 4 1 12 12 8 10 11 17 8 11 0 14 8 17 5 17 0 10 13 16 16 3 14 16 15 6 14 9 7 18 4 0 8 1 1 2 14 3 8 3 10 16 10 11 15 18 13 7 6 17 13 7 8 8 15 11 19 16 16 14 8 17 15 1 1 17 3 0 11 10 8 19 3 17 5 4 5 1 0 19 7 17 9 18 17 2 4 16 10 6 6 15 2 19 18 19 19 19 14 4 10 9 14 12 17 7 5 4 1 15 11 14 13 14 3 4 15 16 18 16 3 3 9 11 18 3 16 16 4 0 3 19 13 12 7 12 1 3 18 18 8 0 3 6 8 0 14 11 6 7 12 0 7 2 9 17 6 4 8 4 13 2 12 1 13 13 15 13 14 9 2 9 10 17 9 19 1 16 8 15 7 3 0 4 4 8 17 16 8 6 11 7 2 7 12 19 1 18 15 13 2 12 5 1 13 17 4 16 14 14 12 11 6 6 13 3 4 12 5 6 18 4 14 16 16 15 10 4 15 3 12 19 3 2 4 16 15 0 4 9 15 8 17 8 13 3 13 6 11 18 19 18 11 9 17 10 17 7 7 18 8 7 10 5 7 9 4 7 13 16 19 11 17 9 5 17 18 14 7 7 3 16 3 2 1 17 11 5 15 14 11 12 1 15 3 3 13 0 19 10 15 12 15 11 8 14 7 9 16 18 7 0 11 6 5 14 1 11 18 8 7 8 19 18 3 7 11 0 12 14 7 9 2 9 15 16 0 2 5 19 16 18 3 3 13 13 18 5 2 7 17 12 7 17 1 13 19 14 6 8 12 0 6 13 16 10 17 11 17 18 4 2 17 7 11 8 13 2 18 17 3 18 0 9 1 9 10 1 18 17 4 2 5 2 9 17 13 17 6 0 11 14 12 4 3 8 2 14 19 9 17 14 6 19 12 16 18 19 0 19 18 4 11 13 5 6 18 8 3 7 18 11 6 0 4 17 4 19 1 0 8 19 18 1 17 14 18 5 5 5 19 18 10 5 18 16 5 10 13 8 0 11 4 6 13 11 8 11 17 7 3 18 13 15 9 16 12 14 19 19 13 0 4 16 0 10 13 14 17 14 18 19 0 16 2 12 11 2 6 13 3 3 18 6 4 13 6 9 1 1 16 16 10 13 8 7 18 16 12 15 16 14 12 18 3 6 8 4 19 13 19 0 5 12 6 0 1 6 4 3 11 5 9 9 0 7 14 19 12 17 7 15 7 11 10 13 6 13 13 2 16 11 18 8 15 12 17 18 14 14 2 8 13 0 11 13 14 16 14 1 14 10 14 7 17 17 19 19 14 17 3 17 0 11 4 7 12 0 18 2 5 10 10 12 12 19 1 14 0 9 13 17 1 8 14 8 0 18 7 10 5 3 1 17 15 10 16 4 7 5 1 7 4 2 6 10 8 12 15 16 14 8 6 7 1 9 4 8 6 0 8 15 3 6 14 2 4 18 19 3 12 13 12 11 11 7 18 3 3 16 7 6 2 9 10 1 18 17 2 6 1 13 13 12 18 15 17 3 4 5 19 3 3 0 8 1 6 17 12 1 0 1 8 4 1 4 14 19 2 2 6 14 3 8 13 2 17 8 0 3 19 5 18 18 14 2 15 1 7 17 6 2 14 9 4 5 13 15 12 18 0 18 16 3 15 18 17 9 2 3 7 13 7 9 2 5 2 16 9 12 7 18 19 15 0 17 17 1 14 18 11 12 17 9 8 7 1 17 5 11 11 12 19 7 4 8 13 4 14 16 4 2 12 7 13 19 2 7 19 5 16 9 1 2 0 10 14 8 17 16 13 3 11 4 6 1 7 12 19 3 0 5 1 7 4 18 17 19 16 14 4 10 15 3 8 2 6 6 2 2 10 0 0 4 16 17 10 14 19 11 11 12 6 15 8 7 0 4 18 14 3 15 0 9 12 13 18 2 19 10 19 3 7 5 12 3 11 10 8 12 9 16 9 6 16 16 13 14 5 15 3 9 2 14 14 10 2 15 9 14 5 1 0 9 0 11 15 15 3 3 8 16 11 18 6 7 10 10 2 1 14 4 18 7 16 4 11 19 5 2 14 13 4 9 16 8 0 6 0 3 19 0 13 10 3 13 18 6 6 0 3 15 15 17 9 9 6 6 12 6 15 11 5 7 1 10 2 13 15 18 14 16 3 6 7 15 1 10 17 5 18 10 19 4 4 4 13 11 3 1 16 13 2 9 8 13 1 9 15 0 18 10 9 18 11 13 12 1 19 12 1 9 6 18 9 14 1 16 1 8 16 3 9 15 5 16 10 2 19 6 8 3 0 2 0 12 7 17 15 0 5 10 18 5 1 12 0 3 19 16 3 7 18 2 10 2 18 11 12 4 15 6 10 16 13 8 13 4 7 16 15 9 14 12 4 6 0 12 8 17 3 2 8 4 10 18 12 0 1 13 4 12 14 5 0 12 1 4 3 10 9 12 10 11 10 13 11 18 5 14 10 7 8 5 8 6 16 1 8 2 19 15 6 14 10
3 7 10 18 27 28 29 31 45 50 52 56 68 69 70 75 76 80 86 87 98 101 104 107 108 122 133 148 155 156 157 175 188 202 203 208 219 233 238 252 254 268 275 276 283 288 293 299 301 302 323 325 341 344 345 359 362 374 377 389 405 406 409 413 416 417 437 438 443 448 450 451 454 457 460 461 468 473 477 478 481 483 489 490 491 504 505 510 511 513 516 538 542 549 553 582 598 599 600 601 604 612 622 633 634 654 679 680 684 703 704 711 715 726 727 734 735 744 745 749 757 761 773 778 779 781 782 783 785 789 796 800 812 816 818 824 830 853 854 863 867 876 879 886 890 891 902 908 932 933 941 952 953 957 971 983 986 1004 1006 1010 1026 1029 1031 1035 1036 1037 1040 1042 1045 1048 1063 1072 1073 1075 1082 1090 1102 1117 1125 1128 1129 1136 1138 1150 1156 1157 1158 1162 1172 1173 1174 1176 1192 1203 1206 1207 1213 1232 1233 1238 1239 1263 1267 1272 1275 1280 1287 1303 1318 1319 1337 1339 1341 1342 1345 1350 1356 1358 1377 1390 1392 1395 1404 1419 1422 1426 1427 1438 1439 1452 1460 1464 1475 1483 1489 1501 1505 1517 1529 1536 1541 1547 1552 1553 1556 1561 1569 1595 1598 1599 1601 1604 1606 1621 1641 1645 1646 1665 1666 1671 1673 1675 1676 1680 1690 1697 1700 1702 1707 1708 1709 1716 1725 1733 1734 1738 1769 1793 1797 1819 1841 1844 1851 1853 1865 1875 1877 1883 1896 1901 1903 1905 1906 1915 1916 1918 1927 1933 1938 1949 1953 1965 1969 1973 1981 1989 1992 1994 2001 2002 2015 2042 2050 2054 2062 2070 2072 2075 2092 2094 2095 2099 2110 2124 2125 2133 2134 2166 2167 2178 2200 2207 2208 2210 2217 2230 2247 2261 2267 2277 2286 2287 2292 2300 2312 2316 2317 2329 2333 2344 2347 2360 2377 2378 2388 2389 2409 2419 2430 2431 2438 2440 2441 2442 2450 2451 2453 2460 2466 2468 2470 2473 2477 2483 2496 2498 2504 2507 2510 2513 2518 2522 2532 2535 2545 2548 2553 2565 2569 2572 2576 2590 2591 2599 2603 2611 2612 2615 2617 2618 2620 2621 2632 2640 2641 2653 2655 2659 2662 2678 2704 2720 2729 2744 2768 2772 2773 2777 2778 2779 2782 2794 2798 2802 2806 2821 2828 2840 2850 2853 2866 2867 2873 2885 2886 2889 2890 2891 2899 2911 2912 2913 2924 2935 2944 2955 2956 2963 2964 2968 3003 3004 3007 3018 3022 3025 3030 3031 3038 3041 3046 3051 3052 3071 3091 3092 3093 3098 3106 3135 3142 3151 3152 3153 3164 3165 3168 3170 3174 3177 3180 3185 3192 3193 3212 3217 3226 3238 3285 3290 3291 3294 3300 3301 3322 3342 3360 3365 3375 3377 3383 3397 3404 3412 3420 3423 3428 3431 3432 3438 3439 3440 3443 3446 3457 3464 3480 3495 3500 3510 3511 3516 3521 3532 3533 3537 3546 3547 3559 3569 3577 3594 3600 3616 3623 3635 3639 3645 3649 3661 3665 3670 3675 3676 3677 3688 3690 3696 3708 3711 3713 3714 3719 3727 3737 3748 3753 3765 3766 3781 3782 3785 3792 3798 3804 3810 3816 3817 3821 3822 3834 3869 3878 3880 3893 3912 3915 3935 3944 3950 3962 3971 3972 3977 3985 3992 3997 3998 4009 4011 4015 4043 4046 4048 4052 4053 4066 4067 4068 4069 4070 4071 4072 4073 4081 4083 4088 4089 4119 4135 4150 4158 4162 4167 4180 4185 4186 4190 4198 4216 4230 4232 4234 4239 4245 4255 4263 4271 4272 4273 4292 4297 4307 4324 4328 4334 4348 4350 4355 4384 4387 4406 4414 4415 4416 4433 4436 4442 4452 4455 4456 4470 4479 4482 4499 4501 4502 4504 4508 4509 4515 4521 4522 4555 4556 4563 4568 4571 4575 4577 4580 4583 4601 4604 4608 4612 4626 4631 4634 4643 4650 4654 4658 4661 4666 4667 4670 4673 4677 4680 4681 4692 4698 4705 4706 4722 4724 4729 4731 4732 4745 4759 4767 4774 4782 4784 4788 4794 4803 4820 4822 4823 4825 4828 4830 4843 4845 4849 4863 4865 4866 4867 4868 4879 4885 4886 4889 4890 4892 4904 4925 4945 4946 4947 4950 4961 4962 4972 4974 4975 4984 4998 4999 5000 5023 5036 5040 5044 5053 5054 5055 5066 5073 5079 5084 5085 5086 5090 5091 5112 5118 5128 5129 5163 5173 5185 5186 5187 5189 5209 5212 5220 5237 5246 5252 5259 5260 5261 5266 5269 5276 5277 5278 5279 5292 5295 5307 5309 5317 5322 5324 5332 5333 5339 5342 5346 5354 5363 5365 5367 5370 5375 5383 5391 5400 5410 5424 5427 5428 5429 5431 5434 5441 5468 5469 5475 5478 5479 5480 5502 5507 5508 5524 5525 5545 5546 5547 5561 5572 5577 5580 5582 5586 5592 5602 5607 5618 5619 5629 5634 5653 5663 5677 5680 5694 5709 5728 5735 5737 5745 5746 5747 5761 5764 5765 5768 5774 5780 5787 5795 5800 5801 5819 5834 5835 5837 5859 5868 5878 5917 5920 5926 5932 5933 5956 5973 5974 5980 5997 6012 6016 6018 6020 6021 6022 6054 6069 6075 6077 6079 6080 6081 6082 6092 6113 6114 6115 6125 6138 6141 6142 6143 6157 6159 6173 6184 6193 6194 6200 6209 6211 6215 6223 6224 6225 6229 6238 6239 6256 6266 6273 6290 6314 6315 6317 6339 6345 6346 6357 6365 6373 6375 6411 6419 6421 6422 6432 6433 6436 6438 6441 6455 6471 6472 6478 6509 6512 6513 6516 6517 6523 6531 6534 6543 6548 6561 6575 6579 6605 6609 6610 6614 6632 6634 6654 6655 6656 6670 6671 6683 6684 6686 6687 6693 6698 6700 6706 6707 6708 6719 6724 6733 6734 6737 6738 6767 6787 6788 6796 6817 6825 6829 6833 6835 6841 6858 6862 6864 6865 6866 6870 6872 6875 6879 6880 6881 6897 6898 6901 6912 6914 6918 6922 6926 6932 6940 6950 6956 6963 6967 6978 7005 7011 7012 7017 7018 7031 7043 7054 7057 7061 7064 7082 7084 7086 7095 7100 7111 7112 7115 7125 7129 7148 7152 7155 7170 7174 7183 7184 7190 7198 7199 7206 7213 7217 7230 7231 7235 7236 7237 7245 7247 7268 7280 7296 7300 7301 7306 7323 7325 7347 7354 7357 7359 7360 7366 7367 7377 7380 7382 7388 7403 7407 7417 7443 7444 7445 7446 7447 7450 7456 7460 7466 7469 7477 7481 7484 7485 7490 7502 7516 7523 7543 7547 7556 7558 7562 7582 7587 7589 7593 7604 7608 7626 7628 7632 7646 7652 7653 7656 7660 7690 7691 7692 7693 7708 7709 7711 7717 7720 7725 7726 7731 7735 7743 7768 7782 7783 7797 7798 7808 7815 7841 7848 7849 7854 7856 7862 7867 7868 7877 7886 7903 7906 7907 7926 7930 7939 7964 7965 7966 7988 7994 7995 8001 8009 8017 8021 8023 8029 8037 8038 8054 8069 8094 8097 8100 8107 8110 8111 8117 8118 8119 8123 8125 8138 8144 8160 8164 8174 8177 8179 8180 8187 8196 8203 8214 8219 8221 8230 8231 8233 8235 8238 8239 8255 8256 8260 8266 8268 8269 8270 8276 8277 8280 8283 8289 8297 8301 8303 8304 8306 8332 8342 8346 8351 8353 8373 8374 8378 8380 8382 8412 8413 8416 8419 8420 8425 8445 8446 8463 8464 8471 8474 8486 8492 8496 8540 8541 8542 8543 8548 8560 8569 8571 8575 8604 8609 8610 8618 8622 8625 8635 8643 8670 8671 8675 8702 8704 8713 8718 8726 8727 8729 8730 8734 8735 8736 8737 8745 8748 8752 8769 8771 8773 8787 8788 8790 8792 8795 8814 8817 8819 8826 8827 8848 8878 8880 8893 8896 8897 8898 8900 8903 8912 8918 8938 8939 8945 8959 8963 8966 8967 8968 8969 8973 8974 8997 8999 9014 9042 9050 9076 9091 9109 9123 9132 9139 9142 9151 9152 9160 9166 9167 9168 9169 9175 9182 9206 9212 9217 9220 9232 9238 9241 9249 9271 9276 9296 9315 9316 9329 9333 9345 9351 9355 9361 9368 9373 9381 9382 9386 9387 9389 9391 9395 9402 9403 9424 9430 9434 9435 9454 9464 9466 9467 9468 9473 9486 9488 9489 9491 9492 9506 9523 9534 9535 9536 9542 9551 9558 9559 9561 9567 9568 9570 9576 9582 9585 9586 9597 9600 9601 9612 9614 9618 9626 9633 9634 9639 9644 9668 9680 9681 9689 9690 9691 9708 9709 9711 9717 9732 9738 9755 9756 9761 9766 9767 9772 9775 9788 9802 9803 9808 9809 9810 9813 9816 9817 9823 9831 9832 9845 9856 9858 9862 9865 9871 9872 9877 9879 9880 9892 9893 9894 9898 9902 9907 9909 9913 9918 9919 9940 9941 9942 9947 9954 9958 9984 9986 10003 10019 10020 10037 10038 10049 10061 10066 10067 10068 10070 10081 10082 10091 10100 10101 10106 10109 10117 10118 10119 10124 10129 10131 10133 10134 10135 10136 10139 10140 10146 10147 10148 10157 10161 10162 10172 10210 10212 10220 10227 10229 10237 10241 10268 10274 10282 10283 10287 10301 10305 10321 10323 10328 10333 10337 10339 10342 10354 10355 10356 10370 10378 10379 10409 10412 10422 10428 10430 10433 10438 10443 10449 10471 10472 10481 10485 10486 10489 10493 10494 10497 10499 10506 10510 10519 10522 10531 10534 10547 10548 10551 10554 10555 10556 10557 10558 10562 10566 10573 10575 10578 10579 10584 10590 10597 10612 10636 10647 10649 10652 10654 10658 10669 10677 10678 10680 10683 10690 10695 10696 10705 10708 10711 10715 10740 10741 10745 10747 10751 10759 10762 10763 10769 10770 10779 10780 10800 10810 10811 10835 10837 10856 10857 10863 10880 10886 10887 10893 10896 10908 10911 10916 10918 10920 10924 10933 10934 10942 10944 10947 10955 10958 10964 10966 10967 10968 10971 10977 10993 11004 11041 11060 11066 11073 11080 11083 11100 11110 11116 11123 11134 11136 11141 11143 11148 11151 11152 11154 11170 11178 11188 11190 11194 11201 11206 11208 11210 11216 11222 11225 11238 11241 11266 11279 11280 11281 11282 11288 11299 11329 11343 11346 11358 11365 11375 11380 11381 11382 11392 11394 11396 11402 11413 11417 11422 11427 11431 11433 11448 11449 11458 11462 11466 11473 11478 11481 11486 11488 11489 11490 11492 11502 11525 11527 11535 11540 11543 11551 11552 11559 11565 11567 11573 11589 11592 11596 11602 11603 11608 11610 11612 11618 11631 11636 11638 11640 11657 11662 11665 11679 11691 11693 11695 11703 11713 11716 11720 11721 11724 11740 11741 11745 11756 11769 11775 11777 11796 11797 11798 11799 11812 11815 11816 11828 11830 11839 11846 11862 11866 11867 11868 11886 11890 11891 11896 11897 11914 11918 11938 11949 11954 11956 11958 11961 11963 11977 11978 11989 12011 12013 12014 12020 12021 12023 12025 12026 12040 12045 12050 12051 12057 12060 12073 12080 12081 12087 12105 12113 12123 12124 12126 12139 12146 12155 12166 12173 12184 12197 12201 12220 12221 12232 12233 12239 12241 12242 12250 12253 12257 12265 12270 12277 12285 12286 12295 12302 12305 12314 12316 12319 12320 12321 12341 12342 12350 12359 12378 12410 12431 12441 12443 12449 12456 12468 12485 12489 12498 12501 12508 12517 12522 12524 12537 12542 12548 12554 12555 12557 12558 12567 12569 12575 12579 12584 12586 12588 12595 12600 12609 12614 12622 12635 12636 12642 12645 12647 12651 12660 12684 12695 12709 12728 12731 12745 12746 12747 12751 12768 12794 12797 12811 12812 12815 12816 12825 12826 12832 12838 12845 12861 12868 12885 12888 12889 12908 12919 12923 12927 12930 12959 12960 12961 12966 12968 12971 12973 12974 12977 12978 12981 12986 12993 13001 13004 13025 13026 13027 13034 13050 13053 13054 13060 13061 13064 13071 13079 13087 13110 13111 13124 13130 13135 13162 13168 13174 13179 13180 13189 13190 13194 13210 13220 13221 13226 13232 13249 13256 13261 13262 13296 13306 13307 13313 13339 13349 13352 13356 13363 13364 13365 13372 13377 13403 13421 13423 13445 13454 13456 13466 13467 13471 13473 13482 13484 13485 13488 13494 13497 13498 13509 13513 13516 13526 13532 13538 13546 13548 13553 13558 13566 13586 13602 13605 13614 13621 13642 13646 13649 13654 13661 13690 13703 13704 13705 13711 13712 13714 13715 13732 13736 13738 13742 13755 13777 13784 13786 13789 13794 13797 13801 13814 13834 13841 13843 13869 13881 13882 13885 13887 13888 13889 13895 13923 13934 13935 13941 13946 13949 13961 13964 13970 13977 13979 13982 13995 13998 14009 14010 14011 14028 14029 14030 14032 14049 14050 14052 14054 14055 14071 14076 14078 14088 14089 14094 14095 14104 14107 14110 14115 14116 14126 14140 14141 14147 14148 14149 14172 14174 14178 14180 14182 14186 14201 14202 14209 14223 14229 14236 14243 14245 14254 14262 14263 14278 14292 14298 14302 14310 14311 14323 14324 14328 14334 14337 14344 14370 14375 14378 14383 14385 14387 14392 14398 14400 14414 14415 14417 14443 14448 14453 14454 14459 14468 14473 14474 14486 14495 14513 14514 14537 14539 14540 14567 14570 14573 14582 14600 14602 14619 14626 14628 14637 14640 14645 14656 14661 14678 14689 14695 14709 14723 14749 14754 14758 14761 14762 14772 14782 14785 14788 14797 14798 14801 14804 14810 14814 14817 14819 14825 14834 14835 14839 14856 14858 14866 14877 14890 14900 14901 14903 14910 14914 14915 14916 14925 14928 14929 14935 14939 14940 14941 14946 14951 14953 14955 14965 14968 14969 14974 14980 14982 14991 15006 15012 15021 15026 15027 15028 15029 15045 15048 15055 15062 15068 15069 15070 15071 15077 15081 15085 15089 15090 15093 15095 15097 15112 15152 15167 15175 15179 15196 15203 15206 15216 15226 15233 15235 15243 15247 15248 15249 15269 15272 15275 15277 15278 15294 15306 15307 15338 15346 15355 15356 15366 15368 15372 15382 15383 15384 15388 15389 15390 15391 15407 15417 15420 15424 15434 15439 15440 15454 15459 15460 15466 15467 15478 15500 15507 15512 15514 15517 15537 15548 15563 15570 15575 15580 15581 15586 15588 15589 15592 15601 15625 15629 15640 15643 15646 15649 15650 15652 15673 15688 15693 15702 15703 15708 15713 15715 15716 15725 15739 15747 15759 15764 15809 15820 15825 15833 15835 15841 15854 15858 15872 15873 15882 15884 15889 15894 15902 15905 15906 15907 15910 15912 15924 15938 15939 15975 15976 15980 16018 16038 16042 16045 16046 16047 16048 16051 16053 16058 16059 16075 16076 16081 16095 16103 16109 16119 16135 16136 16139 16140 16142 16151 16154 16155 16156 16162 16164 16167 16171 16176 16178 16182 16183 16187 16202 16203 16206 16223 16224 16225 16232 16237 16245 16250 16276 16278 16289 16290 16292 16298 16299 16317 16319 16331 16337 16340 16368 16390 16399 16406 16407 16410 16411 16417 16419 16426 16432 16450 16451 16455 16461 16465 16467 16477 16484 16486 16488 16489 16492 16493 16496 16501 16505 16513 16519 16522 16524 16526 16541 16547 16563 16566 16574 16577 16588 16589 16615 16626 16638 16639 16640 16654 16668 16676 16685 16691 16693 16694 16697 16704 16721 16728 16733 16739 16745 16750 16761 16762 16769 16777 16778 16784 16795 16813 16814 16815 16816 16821 16832 16834 16835 16856 16857 16858 16865 16869 16871 16879 16880 16884 16888 16889 16892 16904 16913 16914 16922 16929 16935 16937 16951 16954 16957 16958 16959 16962 16965 16978 16985 16987 16994 17002 17003 17007 17008 17009 17031 17040 17042 17043 17048 17049 17051 17052 17054 17058 17062 17069 17077 17081 17084 17085 17088 17101 17102 17114 17121 17130 17131 17149 17152 17185 17196 17201 17203 17207 17208 17220 17226 17227 17228 17230 17237 17255 17256 17275 17277 17279 17287 17309 17314 17317 17321 17332 17334 17336 17337 17346 17354 17369 17376 17390 17395 17397 17399 17409 17413 17416 17417 17433 17439 17446 17447 17462 17481 17486 17494 17496 17507 17511 17516 17523 17528 17534 17543 17561 17563 17567 17574 17588 17594 17598 17603 17610 17619 17622 17628 17629 17634 17636 17654 17657 17660 17663 17669 17673 17713 17715 17717 17719 17726 17736 17742 17754 17773 17774 17779 17781 17791 17792 17798 17800 17803 17819 17820 17821 17826 17842 17844 17845 17857 17861 17864 17875 17883 17892 17893 17897 17898 17936 17941 17950 17959 17972 17989 18011 18018 18032 18038 18039 18040 18042 18051 18062 18065 18073 18079 18081 18082 18097 18106 18107 18109 18114 18117 18118 18127 18128 18133 18154 18156 18157 18158 18160 18161 18164 18170 18205 18206 18211 18212 18215 18225 18236 18247 18248 18251 18261 18267 18268 18288 18296 18300 18306 18307 18326 18341 18354 18357 18358 18377 18386 18392 18393 18400 18426 18428 18433 18434 18436 18437 18438 18439 18440 18446 18456 18459 18466 18473 18474 18476 18478 18491 18492 18498 18504 18505 18509 18513 18516 18523 18527 18532 18538 18540 18544 18549 18551 18552 18554 18558 18562 18566 18584 18586 18590 18596 18617 18622 18628 18634 18640 18653 18655 18658 18659 18661 18665 18690 18692 18703 18714 18734 18739 18741 18742 18745 18764 18765 18769 18770 18773 18779 18783 18795 18796 18801 18803 18807 18813 18817 18820 18838 18839 18856 18861 18862 18863 18868 18879 18891 18902 18905 18907 18910 18920 18940 18948 18950 18974 18990 18993 19000 19001 19010 19011 19014 19015 19017 19039 19042 19061 19096 19100 19113 19116 19124 19128 19139 19140 19141 19142 19145 19157 19159 19164 19170 19172 19182 19183 19186 19187 19191 19192 19193 19194 19195 19202 19207 19208 19209 19220 19228 19233 19246 19247 19255 19256 19258 19259 19273 19274 19275 19278 19287 19292 19300 19302 19309 19315 19319 19325 19327 19336 19337 19345 19361 19378 19380 19381 19384 19409 19410 19411 19414 19418 19432 19436 19443 19446 19449 19451 19452 19457 19463 19482 19498 19501 19507 19509 19510 19512 19529 19531 19542 19544 19545 19568 19572 19579 19608 19614 19630 19632 19637 19644 19665 19667 19673 19683 19684 19685 19689 19724 19727 19745 19750 19754 19761 19764 19769 19776 19777 19783 19786 19789 19792 19793 19794 19799 19823 19835 19841 19844 19857 19860 19870 19897 19903 19904 19922 19925 19932 19937 19941 19959 19997 20006 20017 20029 20030 20034 20040 20042 20045 20048 20058 20060 20063 20064 20068 20077 20086 20095 20097 20105 20120 20127 20137 20143 20145 20146 20156 20157 20158 20165 20168 20170 20172 20174 20185 20190 20212 20215 20220 20224 20231 20251 20255 20258 20261 20264 20278 20284 20286 20299 20302 20318 20321 20322 20326 20328 20335 20336 20337 20346 20352 20353 20355 20356 20364 20366 20367 20373 20386 20390 20391 20396 20397 20398 20402 20405 20406 20410 20411 20413 20417 20427 20428 20456 20463 20466 20467 20470 20475 20479 20481 20485 20492 20493 20496 20502 20503 20504 20505 20510 20522 20531 20535 20543 20550 20551 20553 20559 20566 20572 20576 20578 20600 20602 20610 20611 20615 20624 20625 20638 20643 20644 20652 20656 20658 20660 20663 20683 20693 20699 20710 20711 20713 20718 20725 20730 20733 20734 20736 20744 20745 20749 20753 20757 20758 20784 20797 20807 20808 20812 20815 20817 20835 20836 20849 20852 20863 20870 20892 20894 20906 20907 20918 20921 20928 20929 20931 20937 20938 20973 20989 20997 20998 21009 21017 21018 21019 21020 21023 21024 21025 21049 21050 21054 21055 21059 21066 21067 21075 21076 21086 21087 21088 21115 21124 21131 21140 21145 21149 21151 21153 21157 21167 21169 21216 21218 21224 21231 21237 21250 21251 21254 21256 21257 21260 21282 21284 21287 21288 21291 21292 21299 21300 21303 21310 21323 21327 21344 21345 21354 21375 21382 21409 21421 21431 21440 21445 21446 21451 21452 21462 21465 21468 21469 21477 21478 21486 21510 21511 21524 21526 21531 21532 21549 21554 21565 21573 21580 21584 21593 21595 21598 21603 21611 21636 21639 21642 21645 21654 21660 21664 21671 21682 21688 21689 21696 21702 21705 21706 21710 21736 21738 21744 21759 21770 21771 21786 21787 21796 21804 21811 21812 21817 21828 21829 21835 21850 21852 21856 21858 21861 21868 21871 21872 21878 21884 21887 21888 21904 21913 21914 21920 21922 21928 21931 21934 21936 21939 21948 21965 21990 22004 22007 22008 22010 22014 22016 22018 22026 22033 22036 22054 22059 22066 22073 22074 22075 22090 22091 22092 22111 22114 22115 22116 22120 22121 22124 22132 22151 22160 22164 22166 22180 22188 22212 22215 22227 22228 22243 22244 22247 22276 22278 22318 22321 22322 22324 22333 22340 22344 22350 22354 22358 22366 22367 22374 22384 22389 22391 22395 22408 22414 22415 22424 22428 22429 22444 22460 22467 22470 22473 22475 22476 22481 22482 22499 22507 22516 22522 22525 22526 22529 22533 22534 22537 22544 22548 22565 22568 22569 22570 22579 22582 22598 22599 22614 22627 22628 22637 22643 22666 22688 22693 22697 22698 22704 22724 22731 22732 22734 22737 22738 22749 22755 22757 22765 22778 22784 22786 22802 22810 22813 22818 22824 22832 22841 22859 22860 22861 22866 22868 22886 22889 22894 22914 22916 22918 22932 22934 22946 22969 22970 22982 22992 22995 22996 23001 23002 23009 23012 23013 23035 23036 23050 23051 23054 23057 23073 23078 23088 23101 23117 23121 23132 23138 23174 23185 23189 23194 23201 23203 23217 23218 23241 23242 23249 23250 23258 23264 23266 23307 23309 23317 23321 23324 23329 23332 23336 23343 23344 23349 23361 23365 23372 23373 23374 23392 23393 23395 23400 23412 23417 23434 23441 23444 23452 23458 23464 23472 23481 23482 23501 23503 23527 23565 23566 23580 23605 23615 23620 23625 23631 23642 23652 23653 23681 23698 23699 23701 23704 23725 23728 23742 23748 23764 23776 23782 23787 23788 23790 23794 23799 23805 23825 23829 23833 23838 23839 23840 23853 23855 23861 23863 23864 23879 23882 23883 23885 23886 23887 23890 23904 23916 23924 23928 23931 23939 23941 23943 23964 23966 23967 23968 23977 23983 24001 24015 24023 24037 24038 24042 24051 24058 24059 24064 24065 24070 24073 24081 24116 24125 24139 24143 24144 24146 24149 24155 24156 24169 24179 24188 24191 24195 24201 24222 24225 24228 24241 24245 24249 24259 24271 24287 24289 24290 24296 24309 24310 24315 24320 24323 24341 24345 24356 24357 24361 24368 24389 24390 24392 24394 24395 24397 24399 24406 24411 24430 24446 24459 24467 24484 24488 24504 24510 24535 24545 24551 24553 24554 24559 24566 24568 24602 24603 24622 24633 24646 24655 24659 24662 24663 24666 24680 24689 24694 24698 24707 24715 24718 24719 24720 24727 24753 24760 24761 24775 24783 24791 24797 24798 24807 24812 24818 24820 24825 24828 24831 24833 24834 24853 24854 24861 24864 24871 24873 24878 24879 24889 24891 24892 24893 24898 24921 24925 24926 24936 24937 24939 24947 24961 24975 24977 24980 25001 25020 25028 25038 25051 25062 25076 25077 25085 25099 25106 25115 25116 25117 25118 25126 25127 25128 25136 25139 25141 25146 25154 25155 25158 25165 25166 25169 25175 25185 25195 25196 25205 25222 25232 25251 25252 25259 25266 25270 25271 25272 25278 25288 25294 25296 25302 25304 25318 25326 25328 25336 25339 25344 25346 25348 25354 25363 25381 25397 25399 25410 25422 25425 25428 25429 25430 25438 25439 25444 25446 25447 25455 25459 25462 25465 25466 25469 25480 25485 25492 25499 25505 25509 25527 25530 25545 25547 25562 25568 25576 25581 25583 25588 25626 25639 25640 25641 25657 25666 25667 25669 25672 25676 25685 25695 25696 25699 25708 25709 25713 25717 25722 25739 25747 25749 25764 25766 25768 25785 25789 25790 25796 25798 25805 25809 25817 25824 25828 25847 25848 25849 25854 25861 25862 25865 25866 25867 25886 25893 25894 25897 25898 25931 25935 25941 25942 25945 25947 25950 25955 25974 25975 25977 26010 26023 26034 26047 26051 26086 26088 26090 26091 26105 26133 26145 26169 26180 26181 26188 26192 26195 26206 26229 26235 26236 26248 26252 26255 26257 26258 26259 26269 26283 26284 26287 26288 26289 26292 26293 26298 26302 26304 26306 26313 26318 26338 26341 26343 26352 26354 26366 26368 26370 26374 26375 26376 26388 26392 26393 26396 26410 26419 26425 26456 26457 26465 26466 26467 26470 26471 26475 26478 26487 26488 26494 26496 26497 26521 26542 26556 26559 26584 26598 26609 26624 26625 26632 26633 26634 26636 26644 26652 26655 26660 26662 26663 26667 26673 26678 26682 26683 26685 26693 26694 26698 26702 26711 26713 26715 26716 26721 26728 26735 26740 26741 26742 26751 26754 26758 26759 26760 26764 26767 26768 26774 26788 26801 26816 26819 26826 26828 26834 26836 26840 26845 26846 26854 26858 26860 26861 26892 26925 26936 26943 26950 26951 26958 26962 26983 26993 27012 27018 27038 27039 27049 27052 27056 27060 27062 27073 27082 27088 27089 27090 27091 27092 27095 27107 27112 27113 27118 27132 27133 27140 27146 27164 27167 27170 27172 27173 27182 27186 27188 27191 27197 27198 27208 27212 27213 27220 27231 27234 27236 27238 27245 27258 27261 27291 27307 27312 27318 27323 27331 27335 27338 27352 27369 27370 27371 27380 27410 27411 27423 27427 27428 27435 27440 27447 27466 27475 27478 27492 27496 27500 27501 27513 27518 27527 27529 27537 27551 27554 27560 27565 27575 27576 27583 27584 27587 27606 27607 27608 27610 27615 27621 27623 27626 27628 27630 27631 27632 27641 27642 27643 27644 27649 27662 27667 27671 27672 27679 27683 27688 27718 27719 27733 27749 27755 27771 27783 27809 27819 27824 27830 27832 27835 27858 27859 27873 27876 27882 27899 27902 27903 27904 27911 27913 27941 27945 27955 27963 27965 27969 27970 27971 27972 27975 27976 27982 27983 27984 27989 27991 28011 28012 28023 28024 28025 28027 28029 28030 28042 28048 28063 28064 28068 28072 28080 28081 28097 28114 28121 28129 28154 28157 28166 28196 28215 28216 28221 28223 28228 28232 28233 28235 28236 28239 28240 28242 28251 28255 28258 28259 28265 28269 28270 28281 28287 28289 28303 28304 28310 28311 28332 28333 28337 28341 28353 28371 28384 28395 28406 28422 28428 28429 28465 28476 28483 28488 28493 28496 28514 28516 28522 28530 28531 28532 28562 28563 28565 28574 28577 28579 28593 28594 28601 28602 28612 28625 28631 28634 28639 28668 28678 28680 28682 28683 28686 28692 28696 28719 28723 28726 28750 28755 28762 28774 28784 28788 28791 28792 28804 28809 28817 28822 28830 28836 28855 28870 28877 28889 28901 28915 28926 28927 28928 28933 28945 28951 28955 28962 28964 28966 28970 28971 28989 28991 28994 29000 29008 29028 29029 29033 29036 29069 29070 29073 29074 29079 29093 29094 29097 29102 29114 29125 29126 29131 29142 29153 29157 29170 29178 29182 29185 29190 29191 29192 29198 29206 29218 29221 29223 29233 29245 29268 29272 29274 29278 29279 29280 29282 29283 29297 29299 29303 29305 29306 29312 29315 29318 29319 29328 29344 29354 29370 29371 29372 29373 29374 29378 29386 29387 29388 29390 29394 29399 29411 29412 29415 29418 29432 29438 29440 29448 29459 29462 29495 29499 29500 29501 29503 29547 29549 29551 29552 29561 29565 29570 29571 29591 29597 29607 29611 29620 29623 29631 29633 29636 29644 29675 29680 29691 29696 29697 29704 29712 29719 29722 29731 29732 29737 29742 29747 29760 29761 29772 29776 29777 29781 29783 29784 29785 29786 29787 29791 29793 29811 29812 29828 29830 29837 29848 29849 29873 29876 29878 29880 29914 29927 29935 29937 29942 29945 29947 29948 29951 29953 29975 29977 29984 29991 30000 30001 30008 30011 30017 30019 30034 30037 30041 30044 30058 30060 30068 30072 30073 30082 30086 30093 30100 30101 30112 30120 30148 30150 30151 30152 30163 30167 30168 30170 30177 30178 30193 30197 30203 30205 30207 30211 30215 30240 30241 30243 30247 30255 30256 30263 30272 30288 30290 30291 30292 30325 30328 30331 30334 30351 30355 30371 30382 30389 30390 30403 30405 30413 30414 30429 30440 30459 30460 30471 30481 30489 30492 30498 30503 30515 30521 30533 30537 30547 30551 30559 30560 30562 30565 30567 30570 30575 30579 30593 30595 30600 30602 30619 30620 30645 30646 30652 30657 30672 30673 30682 30699 30702 30705 30706 30707 30711 30719 30724 30726 30733 30736 30740 30766 30767 30768 30782 30787 30788 30789 30791 30795 30801 30802 30803 30804 30808 30809 30820 30823 30835 30836 30843 30847 30851 30857 30858 30865 30879 30883 30884 30903 30905 30911 30922 30927 30930 30932 30939 30944 30946 30952 30962 30973 30975 30995 30997 31003 31011 31012 31015 31023 31032 31043 31057 31079 31087 31090 31092 31101 31103 31108 31113 31119 31124 31125 31162 31169 31170 31177 31178 31180 31196 31198 31223 31228 31235 31242 31255 31257 31265 31266 31267 31273 31278 31286 31287 31294 31308 31323 31332 31342 31343 31372 31375 31394 31399 31411 31414 31419 31429 31432 31445 31458 31460 31462 31463 31464 31467 31474 31476 31480 31496 31511 31534 31538 31541 31564 31566 31579 31592 31593 31594 31596 31606 31610 31612 31617 31639 31644 31647 31655 31677 31683 31699 31701 31704 31708 31713 31723 31729 31730 31731 31738 31747 31751 31755 31759 31786 31793 31795 31800 31804 31807 31811 31812 31817 31834 31841 31845 31849 31850 31851 31852 31857 31867 31868 31891 31892 31893 31911 31912 31918 31920 31922 31928 31940 31943 31958 31965 31966 31985 31988 31990 32000 32021 32030 32035 32055 32070 32080 32083 32086 32087 32098 32103 32105 32107 32109 32111 32117 32127 32129 32133 32138 32155 32161 32164 32165 32173 32178 32189 32191 32193 32201 32207 32210 32211 32216 32227 32235 32236 32240 32251 32262 32265 32268 32271 32280 32283 32288 32292 32301 32305 32306 32307 32308 32323 32331 32332 32333 32334 32335 32336 32337 32351 32352 32358 32359 32377 32384 32385 32392 32399 32411 32417 32418 32434 32442 32443 32449 32458 32468 32472 32485 32498 32522 32528 32529 32530 32531 32538 32543 32549 32550 32565 32566 32574 32583 32587 32589 32594 32602 32606 32610 32616 32628 32629 32630 32634 32651 32665 32672 32690 32691 32701 32703 32708 32709 32710 32716 32724 32726 32737 32738 32739 32740 32762 32772 32774 32779 32792 32803 32805 32808 32833 32836 32860 32867 32870 32873 32880 32881 32882 32883 32885 32888 32898 32900 32917 32924 32925 32926 32931 32932 32946 32948 32950 32960 32964 32965 32989 33008 33015 33023 33025 33035 33036 33056 33058 33059 33060 33064 33066 33068 33071 33090 33092 33110 33123 33130 33137 33139 33145 33147 33164 33169 33173 33176 33178 33189 33190 33198 33199 33201 33207 33212 33225 33226 33229 33230 33231 33235 33238 33240 33241 33242 33243 33244 33252 33255 33256 33257 33288 33296 33302 33308 33309 33313 33318 33334 33351 33353 33359 33361 33366 33367 33370 33376 33381 33402 33403 33410 33417 33430 33444 33458 33473 33474 33482 33485 33490 33501 33508 33510 33511 33512 33516 33526 33532 33538 33541 33547 33563 33567 33568 33572 33597 33609 33612 33620 33624 33626 33632
271 228 231 222 284 260 259 252 249 289 291 277 298 334 309 309 280 292 290 292 337 340 325 364 347 334 390 353 420 413 378 409 409 406 450 438 484 463 503 473 522 498 522 523 513 556 540 529 558 514 580 564 580 556 609 606 609 595 634 628 626 636 614 643 673 638 684 659 673 678 654 656 675 678 717 700 698 720 681 699 693 747 710 729 695 743 726 778 779 725 784 768 806 779 757 812 830 803 832 858 869 846 834 863 839 893 918 945 923 933 943 950 949 973 966 966 940 965 950 953 987 966 1037 999 1018 986 1050 995 1006 1036 1017 1047 1051 1048 1023 1088 1034 1100 1084 1110 1099 1080 1118 1125 1111 1159 1136 1176 1171 1180 1162 1199 1158 1204 1183 1248 1225 1225 1263 1267 1294 1261 1243 1292 1300 1267 1305 1299 1292 1269 1310 1336 1294 1343 1312 1337 1332 1338 1355 1375 1333 1357 1370 1380 1420 1421 1405 1401 1393 1430 1386 1408 1439 1467 1453 1437 1447 1479 1501 1477 1473 1497 1472 1493 1540 1485 1491 1542 1586 1558 1576 1543 1545 1547 1592 1582 1603 1622 1645 1594 1639 1634 1651 1687 1652 1673 1639 1642 1686 1716 1725 1698 1739 1722 1746 1758 1735 1747 1786 1793 1780 1777 1757 1792 1821 1765 1799 1825 1819 1838 1848 1843 1871 1886 1888 1909 1914 1895 1913 1935 1912 1907 1881 1927 1924 1901 1932 1923 1964 1929 1956 1948 1955 1963 1973 1995 1973 2014 2001 2083 2075 2083 2081 2092 2122 2140 2124 2088 2117 2131 2124 2139 2153 2136 2150 2183 2184 2154 2202 2170 2158 2212 2208 2185 2193 2257 2196 2224 2248 2241 2245 2289 2289 2288 2292 2300 2319 2279 2324 2315 2325 2367 2349 2392 2393 2363 2355 2370 2388 2408 2434 2428 2429 2440 2438 2451 2511 2529 2524 2509 2520 2521 2539 2534 2559 2581 2581 2594 2545 2578 2586 2581 2624 2617 2627 2628 2643 2640 2677 2670 2677 2644 2653 2672 2697 2656 2700 2664 2713 2732 2709 2677 2682 2751 2743 2728 2736 2746 2775 2743 2765 2786 2789 2765 2809 2805 2783 2829 2803 2793 2788 2829 2825 2846 2807 2823 2842 2872 2856 2852 2850 2825 2864 2879 2873 2887 2894 2889 2894 2946 2968 2924 2933 2991 3000 2976 3007 3007 3025 3044 3021 3033 3037 3041 3053 3053 3093 3105 3118 3087 3100 3135 3103 3115 3116 3123 3129 3112 3104 3141 3144 3147 3156 3156 3209 3159 3221 3167 3228 3198 3233 3234 3211 3252 3254 3272 3235 3296 3306 3280 3276 3256 3316 3292 3338 3324 3340 3337 3310 3399 3410 3398 3357 3410 3398 3422 3402 3402 3413 3407 3392 3450 3431 3457 3416 3451 3447 3472 3550 3537 3548 3559 3539 3535 3526 3610 3617 3604 3580 3634 3648 3644 3609 3659 3641 3657 3667 3688 3653 3695 3678 3705 3700 3693 3696 3694 3710 3759 3747 3757 3732 3784 3725 3753 3772 3776 3751 3777 3791 3803 3845 3798 3834 3848 3870 3839 3873 3892 3870 3918 3904 3938 3914 3880 3889 3956 3911 3935 3912 3932 3952 3946 3940 3966 3984 3960 4017 4022 3998 4015 4029 3989 4022 4028 4036 4044 4048 4082 4033 4079 4099 4081 4083 4119 4105 4159 4154 4174 4165 4171 4226 4192 4193 4189 4189 4197 4231 4255 4230 4223 4219 4282 4280 4316 4273 4317 4330 4279 4272 4337 4300 4292 4276 4307 4320 4304 4327 4310 4358 4374 4415 4397 4392 4432 4401 4389 4425 4437 4445 4455 4442 4464 4464 4443 4492 4476 4484 4475 4506 4537 4522 4518 4564 4554 4549 4564 4578 4562 4602 4631 4592 4645 4679 4680 4620 4701 4683 4646 4691 4687 4695 4734 4736 4694 4720 4740 4770 4725 4729 4773 4745 4760 4726 4767 4786 4802 4833 4836 4779 4798 4845 4787 4822 4872 4842 4842 4890 4870 4866 4847 4915 4919 4923 4891 4913 4899 4875 4907 4889 4919 4928 4926 4945 4952 4936 4979 4992 4963 4952 4964 4975 4964 5032 5042 5003 5005 5018 4999 5042 5067 5043 5027 5089 5033 5094 5100 5050 5083 5128 5086 5078 5097 5098 5144 5106 5125 5153 5095 5156 5108 5189 5179 5214 5212 5155 5191 5183 5184 5213 5243 5223 5237 5220 5230 5235 5293 5270 5278 5257 5284 5267 5270 5277 5300 5318 5324 5307 5337 5359 5380 5348 5332 5386 5393 5412 5424 5416 5455 5428 5466 5444 5450 5501 5467 5484 5489 5499 5495 5505 5516 5523 5534 5535 5547 5549 5563 5519 5513 5547 5527 5563 5536 5598 5607 5554 5585 5584 5610 5586 5606 5617 5609 5615 5638 5621 5657 5628 5684 5649 5694 5665 5638 5671 5673 5690 5709 5683 5709 5685 5741 5711 5765 5758 5746 5777 5793 5768 5808 5811 5807 5814 5812 5820 5860 5859 5871 5822 5887 5841 5902 5887 5875 5924 5910 5924 5939 5933 5956 5984 5984 6010 5968 5982 6003 6004 6000 6031 5992 6008 6034 6030 6035 6058 6064 6065 6102 6124 6115 6083 6185 6124 6160 6171 6137 6188 6205 6231 6227 6261 6280 6263 6286 6288 6251 6256 6275 6281 6296 6341 6311 6327 6320 6329 6331 6378 6326 6362 6355 6368 6345 6354 6382 6421 6389 6403 6414 6397 6426 6439 6474 6450 6445 6453 6454 6457 6493 6468 6451 6486 6496 6520 6547 6579 6536 6581 6569 6577 6558 6621 6633 6607 6605 6650 6640 6660 6690 6662 6698 6675 6643 6680 6685 6710 6693 6683 6748 6742 6752 6784 6729 6787 6735 6781 6747 6787 6765 6796 6809 6839 6830 6814 6826 6836 6881 6884 6860 6903 6935 6903 6930 6905 6954 6934 6932 6928 6965 6953 6954 6947 6923 6963 6980 6966 6969 6943 6997 7034 7056 7043 7085 7030 7050 7063 7039 7080 7079 7083 7103 7095 7078 7075 7093 7080 7109 7110 7128 7109 7110 7158 7146 7153 7157 7161 7183 7171 7145 7197 7188 7197 7232 7182 7226 7268 7217 7251 7222 7261 7300 7286 7278 7300 7285 7329 7316 7325 7325 7339 7350 7359 7319 7359 7361 7369 7364 7376 7391 7421 7422 7405 7420 7402 7438 7471 7460 7482 7460 7452 7439 7500 7476 7484 7451 7515 7548 7508 7539 7531 7510 7544 7557 7581 7593 7614 7606 7594 7570 7632 7589 7612 7646 7592 7635 7611 7682 7708 7676 7702 7693 7704 7689 7661 7725 7705 7737 7741 7720 7748 7750 7729 7749 7755 7770 7747 7812 7786 7797 7794 7814 7826 7836 7850 7843 7865 7891 7849 7837 7885 7857 7892 7895 7925 7929 7930 7931 7932 7947 7941 7915 7964 7950 7964 7965 7935 7956 7990 7989 8012 8015 8054 8002 8038 8036 8053 8060 8054 8093 8060 8126 8106 8107 8116 8125 8142 8145 8146 8190 8198 8160 8194 8186 8170 8218 8233 8207 8269 8239 8238 8268 8270 8268 8269 8270 8311 8337 8326 8331 8339 8341 8349 8350 8356 8339 8349 8327 8329 8342 8412 8394 8394 8406 8382 8444 8448 8434 8426 8450 8444 8449 8442 8451 8465 8501 8465 8485 8486 8520 8461 8481 8530 8507 8473 8527 8523 8507 8519 8522 8528 8565 8505 8507 8525 8511 8544 8572 8585 8598 8618 8585 8606 8617 8627 8603 8651 8677 8621 8649 8652 8672 8684 8693 8697 8703 8718 8695 8750 8722 8764 8770 8762 8781 8747 8813 8764 8808 8775 8779 8834 8873 8840 8865 8856 8837 8865 8882 8900 8901 8879 8907 8961 8978 8939 8965 8984 8950 8951 8981 8999 8948 8942 8984 8987 8956 8990 9036 8977 9019 9027 9020 9031 9025 9018 9047 9087 9073 9057 9069 9117 9112 9132 9117 9118 9119 9130 9142 9180 9148 9143 9160 9202 9206 9202 9171 9197 9172 9216 9237 9206 9229 9256 9226 9263 9289 9333 9330 9313 9353 9344 9403 9406 9355 9386 9381 9423 9435 9415 9399 9440 9387 9410 9442 9456 9441 9471 9442 9509 9481 9483 9523 9560 9549 9555 9559 9598 9609 9585 9612 9625 9607 9638 9620 9646 9620 9634 9628 9621 9629 9649 9615 9681 9642 9664 9665 9701 9668 9696 9732 9698 9738 9716 9720 9746 9759 9724 9753 9753 9773 9756 9741 9806 9755 9792 9771 9791 9824 9773 9838 9844 9846 9824 9851 9802 9830 9865 9844 9835 9848 9856 9863 9855 9903 9848 9907 9944 9885 9921 9920 9921 9938 9966 9915 9921 9989 9985 10002 9960 9982 9987 10006 10029 10040 10056 10034 10024 10073 10030 10078 10052 10073 10051 10062 10063 10044 10075 10060 10063 10101 10069 10083 10093 10124 10118 10119 10122 10114 10124 10102 10134 10137 10130 10147 10186 10151 10145 10175 10181 10194 10175 10170 10223 10216 10233 10224 10241 10242 10268 10270 10300 10313 10332 10325 10327 10313 10347 10355 10304 10305 10353 10373 10349 10339 10349 10336 10333 10336 10354 10364 10365 10366 10396 10387 10358 10377 10378 10396 10382 10383 10436 10467 10469 10441 10484 10433 10458 10471 10472 10478 10529 10487 10508 10540 10509 10555 10580 10562 10554 10571 10586 10581 10593 10623 10560 10609 10635 10583 10639 10642 10661 10667 10660 10672 10643 10664 10670 10710 10711 10749 10732 10716 10728 10732 10726 10718 10731 10745 10749 10740 10743 10788 10802 10751 10760 10819 10775 10760 10777 10796 10797 10827 10778 10785 10779 10817 10844 10788 10820 10827 10842 10868 10868 10879 10882 10922 10863 10908 10934 10917 10948 10887 10947 10960 10964 10969 10938 10915 10919 10972 10973 11009 10979 10955 10980 10974 11002 11016 11002 11026 10984 11004 11042 11050 11040 11101 11124 11061 11067 11112 11133 11117 11123 11100 11138 11158 11120 11157 11150 11136 11167 11202 11181 11174 11194 11160 11190 11203 11205 11197 11215 11205 11211 11223 11243 11271 11290 11305 11320 11319 11348 11347 11342 11320 11327 11381 11357 11398 11407 11387 11390 11409 11384 11434 11408 11435 11394 11451 11405 11438 11455 11474 11450 11452 11472 11485 11453 11487 11491 11548 11493 11547 11527 11504 11561 11608 11550 11588 11622 11596 11612 11646 11586 11631 11598 11628 11641 11634 11685 11661 11666 11635 11698 11653 11706 11697 11701 11700 11707 11717 11685 11690 11718 11693 11720 11757 11714 11757 11766 11803 11770 11782 11790 11799 11789 11795 11771 11803 11794 11822 11800 11849 11842 11855 11842 11817 11830 11861 11857 11902 11870 11914 11919 11869 11918 11938 11932 11952 11967 11952 11950 11984 11951 11928 11979 11946 11949 11995 12034 11980 12007 12001 12044 12028 12056 12033 12047 12063 12075 12060 12104 12103 12083 12134 12124 12073 12120 12111 12095 12135 12101 12161 12148 12185 12179 12184 12224 12179 12200 12168 12198 12235 12223 12241 12247 12253 12288 12260 12257 12246 12258 12297 12250 12271 12298 12261 12290 12303 12301 12311 12321 12344 12334 12380 12371 12373 12396 12358 12359 12396 12420 12414 12427 12413 12467 12451 12462 12437 12469 12471 12472 12507 12517 12487 12499 12527 12534 12515 12490 12563 12541 12562 12582 12584 12540 12550 12589 12580 12563 12571 12598 12608 12640 12688 12680 12673 12654 12688 12673 12750 12719 12728 12748 12720 12738 12752 12745 12801 12772 12778 12793 12823 12761 12788 12797 12773 12832 12809 12789 12790 12835 12842 12864 12866 12878 12826 12882 12904 12910 12875 12851 12881 12925 12941 12929 12948 12967 12965 13013 12950 12986 13008 12972 13015 13036 13058 13051 13054 13055 13082 13073 13036 13085 13084 13091 13072 13117 13092 13110 13176 13166 13188 13184 13151 13198 13172 13200 13187 13189 13210 13177 13208 13189 13242 13185 13207 13232 13213 13225 13255 13273 13295 13264 13297 13318 13275 13328 13293 13321 13283 13309 13299 13331 13341 13392 13395 13374 13383 13373 13395 13447 13401 13428 13447 13459 13440 13485 13451 13438 13462 13514 13477 13465 13466 13528 13536 13528 13577 13578 13596 13556 13590 13602 13569 13599 13606 13645 13633 13642 13653 13649 13684 13720 13723 13688 13692 13707 13716 13741 13750 13718 13706 13701 13702 13721 13743 13721 13760 13779 13750 13810 13787 13783 13788 13796 13790 13814 13835 13879 13826 13846 13876 13917 13901 13908 13911 13971 13969 13937 13945 13959 13953 13927 13996 13975 14003 13947 13994 14024 13996 13990 14019 14006 14061 14031 14026 14073 14046 14077 14073 14102 14112 14132 14155 14156 14128 14160 14135 14202 14174 14209 14185 14179 14173 14211 14200 14234 14213 14214 14263 14237 14239 14222 14250 14267 14297 14260 14262 14288 14318 14257 14275 14267 14276 14323 14342 14335 14293 14351 14360 14368 14371 14344 14345 14328 14360 14352 14346 14394 14387 14396 14419 14378 14408 14419 14412 14407 14458 14441 14439 14487 14433 14504 14447 14475 14501 14494 14527 14512 14522 14532 14541 14557 14575 14553 14528 14532 14568 14576 14591 14635 14579 14617 14617 14617 14626 14649 14602 14621 14671 14636 14685 14708 14653 14674 14722 14691 14698 14678 14678 14707 14729 14777 14744 14776 14771 14770 14806 14802 14841 14812 14821 14814 14858 14858 14896 14841 14904 14902 14920 14882 14917 14957 14907 14939 14987 15006 14958 14962 14991 15030 15006 15021 15015 15009 15044 15028 15031 15043 15057 15053 15064 15024 15093 15081 15092 15071 15086 15126 15113 15134 15120 15130 15140 15142 15131 15153 15180 15163 15182 15167 15168 15169 15203 15179 15145 15193 15215 15183 15219 15186 15207 15190 15204 15219 15221 15195 15253 15251 15286 15256 15257 15296 15263 15277 15252 15267 15319 15332 15316 15302 15310 15316 15328 15349 15323 15294 15340 15329 15327 15333 15356 15371 15405 15391 15401 15424 15418 15420 15460 15437 15439 15473 15494 15482 15453 15537 15502 15479 15524 15525 15533 15536 15537 15568 15567 15567 15586 15634 15607 15611 15612 15651 15631 15593 15628 15594 15630 15671 15664 15650 15628 15664 15678 15708 15718 15671 15665 15723 15697 15717 15732 15728 15780 15748 15721 15742 15778 15793 15809 15805 15812 15828 15825 15853 15828 15796 15833 15864 15886 15861 15873 15858 15883 15884 15920 15920 15935 15932 15941 15915 15976 15918 15919 15981 15937 15996 15977 15980 16003 16048 16050 16057 16072 16039 16053 16075 16097 16140 16105 16112 16123 16128 16162 16132 16126 16127 16141 16149 16133 16171 16177 16178 16196 16210 16245 16223 16302 16276 16275 16276 16294 16278 16272 16317 16315 16291 16309 16308 16302 16327 16360 16321 16349 16340 16368 16407 16372 16372 16398 16401 16394 16424 16383 16369 16388 16392 16440 16417 16387 16415 16417 16467 16433 16445 16427 16428 16464 16500 16441 16484 16515 16540 16525 16493 16495 16556 16528 16529 16547 16553 16561 16576 16604 16615 16647 16629 16611 16611 16614 16643 16682 16651 16690 16664 16689 16656 16685 16700 16669 16671 16682 16723 16733 16727 16728 16731 16723 16728 16740 16709 16743 16787 16761 16728 16756 16745 16779 16802 16770 16813 16798 16800 16857 16880 16865 16877 16869 16879 16888 16933 16888 16949 16921 16961 16926 16927 16908 16951 16967 16963 16986 16975 16982 17008 17009 16999 16982 17008 17031 17025 17077 17071 17019 17081 17060 17053 17099 17100 17095 17096 17097 17099 17101 17101 17118 17112 17105 17118 17136 17096 17134 17152 17161 17152 17176 17174 17176 17215 17159 17204 17223 17206 17209 17222 17246 17219 17251 17241 17234 17215 17271 17255 17243 17270 17287 17281 17311 17278 17306 17290 17291 17301 17305 17292 17290 17324 17328 17323 17324 17318 17331 17332 17335 17385 17369 17336 17379 17384 17406 17426 17405 17442 17428 17447 17425 17494 17432 17432 17435 17467 17502 17503 17487 17489 17509 17491 17513 17544 17538 17560 17597 17539 17568 17594 17585 17558 17608 17640 17594 17652 17609 17631 17613 17660 17684 17638 17667 17643 17685 17677 17694 17685 17725 17733 17717 17711 17758 17746 17762 17760 17781 17764 17791 17802 17771 17813 17853 17798 17802 17833 17857 17858 17886 17893 17876 17838 17866 17919 17896 17925 17927 17926 17912 17925 17949 17981 17924 17990 17983 17972 17975 18030 18013 18043 18028 17996 17996 18037 18012 18007 18049 18050 18033 18073 18063 18083 18092 18089 18108 18085 18105 18095 18124 18140 18165 18145 18175 18180 18162 18163 18202 18219 18241 18248 18253 18268 18303 18274 18289 18283 18319 18269 18277 18318 18320 18350 18336 18336 18337 18356 18378 18347 18375 18366 18362 18380 18393 18386 18396 18405 18407 18429 18403 18427 18437 18440 18432 18433 18419 18455 18448 18504 18452 18455 18508 18506 18507 18492 18526 18521 18510 18546 18583 18588 18559 18587 18597 18645 18651 18622 18597 18604 18656 18685 18638 18666 18657 18676 18706 18678 18674 18680 18724 18664 18671 18737 18721 18715 18712 18712 18722 18762 18769 18735 18730 18745 18720 18762 18766 18762 18806 18779 18756 18770 18781 18786 18793 18797 18794 18831 18823 18820 18855 18830 18838 18843 18849 18838 18870 18900 18885 18862 18889 18882 18895 18922 18957 18942 18978 18973 18960 19005 18963 18975 19029 19012 19026 19009 19003 19047 19047 19034 19026 19048 19007 19046 19045 19021 19059 19102 19060 19121 19100 19130 19102 19115 19091 19112 19167 19137 19146 19149 19167 19170 19195 19197 19195 19220 19223 19234 19231 19214 19241 19271 19245 19264 19286 19246 19265 19301 19330 19325 19381 19345 19385 19386 19361 19371 19381 19402 19421 19380 19411 19400 19411 19447 19404 19433 19417 19396 19424 19414 19424 19407 19441 19475 19465 19443 19477 19432 19498 19476 19515 19467 19520 19470 19489 19477 19521 19479 19508 19551 19504 19521 19541 19513 19562 19523 19555 19539 19583 19567 19584 19600 19608 19619 19646 19648 19621 19640 19645 19653 19665 19700 19675 19690 19676 19688 19655 19709 19704 19667 19703 19745 19740 19712 19748 19749 19733 19733 19736 19772 19783 19749 19789 19802 19844 19829 19861 19834 19862 19871 19891 19870 19897 19903 19922 19914 19919 19923 19945 19948 19957 19989 20019 19966 20029 20008 20033 20016 20030 20025 20053 20049 20014 20041 20031 20053 20039 20071 20049 20122 20128 20104 20127 20115 20143 20154 20155 20164 20158 20171 20189 20227 20271 20274 20259 20269 20266 20297 20289 20310 20260 20288 20264 20295 20303 20325 20316 20307 20325 20318 20337 20385 20395 20349 20407 20350 20350 20395 20378 20362 20399 20389 20409 20429 20421 20397 20447 20446 20447 20459 20458 20436 20463 20485 20497 20526 20498 20483 20541 20525 20538 20549 20522 20585 20552 20530 20533 20547 20557 20541 20585 20599 20600 20619 20603 20628 20623 20579 20620 20618 20611 20596 20608 20654 20637 20606 20662 20645 20622 20641 20670 20621 20659 20649 20660 20684 20730 20706 20727 20714 20743 20738 20715 20704 20732 20735 20706 20724 20725 20735 20714 20752 20735 20756 20807 20818 20790 20774 20764 20805 20811 20797 20817 20830 20823 20867 20816 20880 20829 20864 20842 20908 20909 20886 20861 20862 20928 20902 20922 20957 20904 20914 20950 20952 20948 20993 20951 20967 20938 20975 20983 20984 20983 21010 20987 20988 21031 21031 21028 21047 21051 21045 21038 21082 21100 21079 21116 21110 21074 21131 21158 21170 21141 21157 21160 21132 21159 21163 21205 21206 21203 21201 21227 21202 21256 21281 21286 21283 21285 21227 21228 21272 21270 21318 21284 21302 21271 21305 21314 21322 21315 21354 21308 21335 21349 21371 21378 21387 21379 21379 21385 21410 21414 21399 21433 21450 21439 21429 21470 21484 21514 21456 21486 21488 21487 21525 21503 21523 21499 21527 21559 21539 21503 21512 21507 21557 21553 21584 21574 21609 21622 21605 21629 21630 21686 21695 21708 21702 21667 21708 21691 21701 21704 21715 21733 21698 21725 21725 21749 21741 21763 21765 21743 21736 21788 21759 21833 21807 21819 21814 21823 21827 21830 21808 21816 21857 21903 21889 21849 21875 21865 21928 21875 21912 21953 21953 21908 21907 21917 21945 21974 22004 22003 21974 21980 22017 22001 22054 22017 22030 22043 22076 22042 22047 22058 22086 22065 22071 22056 22095 22088 22066 22072 22110 22102 22117 22123 22092 22127 22125 22147 22148 22184 22154 22132 22143 22164 22201 22160 22187 22177 22237 22268 22237 22238 22275 22253 22284 22265 22238 22254 22257 22286 22316 22270 22294 22278 22279 22302 22338 22296 22332 22353 22345 22346 22388 22333 22363 22371 22372 22394 22385 22387 22427 22427 22469 22447 22459 22433 22455 22448 22486 22533 22482 22548 22585 22561 22545 22580 22561 22549 22571 22622 22590 22613 22606 22631 22614 22619 22630 22634 22647 22626 22654 22628 22632 22659 22708 22699 22697 22691 22694 22740 22715 22720 22750 22703 22775 22737 22786 22746 22765 22750 22765 22738 22741 22774 22778 22777 22832 22808 22809 22818 22814 22855 22829 22818 22866 22832 22902 22873 22887 22945 22961 22927 22919 22934 22963 22963 22936 22981 22967 23002 22961 22994 22978 23004 22999 23049 23025 23007 23031 23017 23052 23054 23097 23071 23089 23064 23082 23105 23089 23133 23153 23133 23135 23128 23148 23137 23202 23150 23237 23202 23239 23204 23216 23217 23258 23207 23239 23280 23218 23282 23293 23297 23315 23284 23296 23294 23282 23335 23331 23347 23351 23353 23359 23439 23390 23410 23424 23440 23433 23456 23465 23471 23446 23496 23514 23497 23511 23531 23571 23556 23547 23553 23571 23576 23537 23575 23607 23574 23554 23600 23633 23576 23612 23606 23604 23632 23660 23621 23633 23647 23702 23709 23683 23699 23726 23685 23719 23749 23721 23713 23724 23748 23829 23787 23784 23835 23849 23832 23846 23899 23863 23920 23857 23928 23919 23911 23948 23943 23955 23940 24007 23987 23996 23981 23994 23992 24035 24029 24058 24046 24009 24072 24068 24063 24072 24051 24079 24083 24112 24073 24110 24068 24143 24121 24130 24153 24116 24091 24102 24136 24146 24181 24193 24170 24143 24206 24177 24194 24231 24224 24198 24224 24213 24265 24254 24253 24241 24268 24276 24315 24279 24298 24269 24286 24291 24303 24311 24328 24382 24404 24377 24409 24403 24381 24385 24386 24434 24409 24400 24421 24400 24440 24452 24493 24458 24488 24449 24513 24493 24501 24521 24494 24537 24501 24513 24549 24549 24584 24555 24580 24592 24586 24569 24565 24600 24653 24611 24639 24598 24625 24618 24638 24610 24676 24634 24650 24706 24732 24696 24735 24769 24731 24767 24802 24798 24774 24775 24789 24796 24815 24870 24850 24827 24863 24867 24876 24924 24909 24910 24870 24945 24910 24898 24928 24972 24980 24957 24931 24941 24995 24985 24990 25018 25039 24987 25021 25044 25002 25054 25016 25057 25088 25055 25067 25035 25045 25073 25100 25058 25118 25094 25103 25078 25083 25111 25093 25125 25122 25123 25119 25151 25129 25173 25166 25194 25196 25194 25191 25222 25216 25227 25205 25254 25249 25302 25298 25283 25323 25324 25342 25364 25353 25320 25337 25356 25350 25330 25348 25396 25375 25378 25405 25380 25358 25367 25426 25399 25396 25373 25422 25390 25459 25426 25409 25461 25437 25508 25456 25489 25498 25500 25475 25511 25482 25500 25499 25535 25566 25534 25565 25591 25532 25575 25604 25548 25576 25578 25601 25602 25611 25636 25646 25649 25661 25655 25632 25659 25687 25677 25660 25691 25685 25652 25723 25698 25709 25686 25705 25690 25685 25742 25731 25756 25752 25714 25732 25735 25784 25786 25830 25798 25823 25811 25804 25852 25847 25878 25870 25875 25869 25900 25897 25903 25919 25897 25953 25942 25960 25929 25972 25948 25934 25974 25952 26003 25986 25954 25985 25996 26032 26024 25993 26055 26008 26037 26009 26056 26064 26029 26058 26094 26113 26088 26075 26091 26092 26099 26100 26097 26151 26132 26115 26136 26137 26161 26174 26171 26189 26192 26168 26154 26194 26213 26214 26241 26278 26227 26273 26251 26255 26298 26292 26302 26325 26344 26345 26349 26399 26401 26385 26393 26449 26460 26471 26497 26492 26493 26512 26456 26502 26496 26522 26506 26499 26517 26548 26526 26509 26528 26522 26497 26528 26534 26536 26545 26547 26550 26543 26588 26577 26582 26566 26570 26633 26600 26638 26643 26644 26627 26626 26632 26660 26649 26623 26657 26660 26704 26670 26670 26697 26682 26718 26714 26708 26699 26752 26758 26701 26744 26742 26774 26788 26793 26848 26837 26814 26892 26893 26871 26872 26864 26883 26848 26916 26876 26899 26901 26884 26932 26894 26946 26912 26904 26897 26932 26924 26902 26941 26950 26978 26947 26920 26968 26975 26940 26979 26962 26946 26972 26975 26979 26993 27025 26968 26997 27002 27031 27027 27013 27037 27084 27094 27033 27081 27070 27070 27079 27085 27119 27063 27092 27065 27124 27164 27175 27173 27197 27155 27197 27194 27215 27258 27242 27257 27259 27269 27306 27264 27313 27328 27301 27277 27286 27352 27319 27329 27338 27356 27325 27341 27359 27360 27330 27389 27363 27352 27385 27394 27406 27417 27437 27437 27447 27416 27427 27448 27465 27428 27438 27417 27443 27454 27461 27473 27466 27442 27484 27488 27482 27559 27539 27576 27523 27535 27570 27565 27603 27617 27633 27609 27603 27644 27657 27658 27635 27666 27640 27692 27661 27715 27670 27680 27708 27731 27753 27721 27769 27743 27757 27792 27761 27771 27785 27811 27807 27812 27822 27806 27822 27849 27844 27827 27854 27812 27875 27849 27853 27855 27831 27832 27895 27836 27871 27898 27863 27882 27883 27914 27894 27872 27901 27937 27909 27888 27952 27957 27983 27963 27988 27985 28018 28030 28013 28040 28028 28077 28062 28074 28062 28098 28085 28088 28086 28163 28114 28107 28125 28123 28143 28206 28157 28185 28195 28186 28216 28209 28201 28193 28214 28180 28216 28195 28196 28228 28223 28250 28251 28291 28263 28272 28248 28234 28264 28289 28305 28331 28269 28307 28311 28310 28311 28318 28318 28326 28386 28359 28404 28430 28430 28427 28446 28453 28427 28440 28462 28480 28482 28457 28473 28508 28489 28455 28519 28470 28523 28486 28473 28509 28493 28534 28519 28560 28538 28522 28541 28571 28563 28542 28573 28583 28610 28605 28616 28638 28626 28667 28668 28695 28706 28687 28709 28732 28708 28753 28773 28734 28769 28799 28762 28783 28797 28812 28838 28834 28809 28840 28824 28833 28806 28851 28872 28870 28838 28904 28907 28917 28892 28929 28947 28916 28931 28900 28958 28962 28930 28980 28985 29030 29004 28988 29056 28995 29031 29069 29048 29038 29061 29060 29075 29085 29109 29124 29119 29148 29149 29183 29192 29167 29197 29184 29185 29176 29192 29203 29200 29217 29192 29246 29223 29198 29221 29238 29249 29233 29298 29283 29299 29291 29320 29278 29343 29332 29306 29301 29349 29361 29355 29391 29370 29407 29374 29425 29400 29442 29403 29389 29458 29430 29426 29402 29427 29439 29442 29444 29437 29449 29489 29476 29506 29499 29483 29510 29546 29513 29544 29564 29550 29535 29553 29576 29562 29557 29531 29567 29548 29584 29575 29601 29604 29630 29608 29599 29607 29617 29618 29655 29626 29629 29615 29642 29649 29657 29666 29642 29661 29678 29691 29701 29752 29746 29739 29748 29733 29786 29788 29755 29799 29826 29795 29817 29801 29859 29865 29839 29843 29824 29853 29895 29845 29840 29876 29932 29885 29923 29930 29954 29908 29951 29966 29986 29996 29953 29967 29963 29977 29981 30018 30019 30006 30045 30028 30048 30023 30032 30007 30017 30021 30023 30023 30046 30049 30087 30076 30060 30054 30085 30123 30082 30110 30161 30157 30165 30176 30174 30192 30151 30212 30156 30210 30214 30181 30218 30225 30239 30265 30238 30241 30264 30249 30268 30269 30275 30312 30292 30264 30302 30284 30312 30321 30307 30314 30334 30340 30351 30359 30378 30397 30416 30364 30420 30397 30372 30409 30398 30382 30397 30454 30460 30426 30475 30445 30445 30470 30471 30482 30515 30519 30490 30527 30502 30492 30502 30495 30513 30564 30596 30570 30539 30555 30587 30636 30594 30610 30658 30615 30670 30652 30661 30633 30704 30716 30665 30703 30715 30753 30739 30710 30771 30745 30786 30797 30784 30777 30815 30764 30799 30809 30799 30806 30835 30779 30800 30832 30852 30830 30859 30866 30867 30857 30850 30891 30896 30904 30885 30929 30938 30932 30909 30974 30911 30950 30958 30971 30994 30963 30966 30997 30970 30972 31007 31021 31052 31009 31010 31030 31034 31031 31066 31071 31051 31047 31066 31088 31053 31103 31100 31108 31115 31116 31091 31079 31104 31118 31130 31118 31142 31169 31141 31161 31166 31194 31162 31178 31165 31167 31156 31166 31207 31214 31200 31265 31215 31250 31259 31254 31257 31262 31308 31278 31309 31292 31347 31296 31331 31307 31340 31352 31324 31328 31364 31392 31408 31409 31389 31408 31392 31426 31437 31444 31467 31467 31472 31512 31469 31469 31487 31472 31503 31517 31525 31555 31528 31512 31570 31589 31581 31573 31636 31587 31662 31638 31632 31661 31666 31686 31653 31657 31723 31724 31692 31728 31698 31699 31739 31715 31737 31708 31741 31755 31777 31753 31785 31787 31811 31822 31861 31833 31826 31810 31844 31876 31856 31871 31874 31886 31902 31942 31930 31967 31913 31961 31929 31952 31953 31950 31998 31943 32003 31951 31990 31976 31991 32020 32058 31999 32005 32043 32071 32050 32059 32064 32073 32080 32049 32079 32080 32116 32084 32096 32071 32102 32112 32139 32140 32168 32159 32123 32184 32134 32158 32205 32147 32192 32204 32171 32215 32218 32247 32230 32225 32269 32256 32259 32291 32319 32295 32307 32344 32337 32350 32309 32371 32366 32341 32349 32357 32376 32365 32370 32385 32395 32385 32370 32412 32408 32428 32425 32427 32405 32446 32415 32441 32450 32448 32503 32466 32470 32481 32509 32470 32473 32510 32519 32547 32520 32539 32505 32552 32518 32511 32512 32562 32599 32566 32598 32538 32547 32568 32602 32598 32573 32579 32598 32611 32614 32650 32622 32631 32675 32647 32665 32664 32681 32664 32679 32688 32672 32711 32715 32702 32769 32775 32759 32769 32736 32743 32782 32779 32780 32812 32813 32831 32830 32792 32836 32815 32814 32874 32814 32855 32858 32834 32834 32868 32883 32904 32919 32902 32896 32969 32907 32947 32930 32914 32920 32945 32991 33002 33003 32969 32987 33001 33040 33006 33009 33031 33033 33069 33038 33101 33066 33065 33097 33074 33077 33110 33085 33129 33113 33142 33156 33119 33157 33185 33154 33172 33130 33161 33166 33214 33180 33218 33224 33196 33204 33219 33213 33236 33255 33229 33274 33257 33303 33322 33298 33290 33303 33296 33325 33283 33329 33297 33340 33344 33334 33341 33360 33413 33404 33394 33408 33394 33408 33417 33401 33394 33437 33403 33440 33411 33459 33482 33491 33434 33477 33435 33467 33468 33504 33471 33507 33455 33476 33457 33485 33490 33514 33553 33543 33532 33565 33573 33552 33557 33573 33615 33618 33563 33565 33623 33597 33638 33606 33646 33659 33637 33631 33647 33687 33712 33723 33712 33678 33712 33742 33694 33748 33712 33740 33758 33716 33737 33760 33736 33750 33805 33768 33827 33814 33800 33840 33861 33848 33833 33825 33871 33860 33836
